58.1329 	 58.2964 	 71.8661 	 -1.2
58.9305 	 71.7186 	 57.3769 	 -1.2
58.7908 	 71.9762 	 72.6165 	 -1.2
58.4057 	 73.8552 	 85.3685 	 -1.2
71.6739 	 58.3221 	 58.0783 	 -1.2
71.8413 	 57.9704 	 72.0926 	 -1.2
74.4188 	 62.3349 	 86.8004 	 -1.2
72.0236 	 72.2969 	 57.3987 	 -1.2
72.0391 	 72.3826 	 71.4679 	 -1.2
72.5312 	 86.2713 	 71.4921 	 -1.2
86.4158 	 72.2965 	 72.0448 	 -1.2
56.8724 	 60.0844 	 65.9162 	 -1.2
58.0156 	 71.9475 	 64.9879 	 -1.2
57.0528 	 72.5421 	 78.8678 	 -1.2
71.6124 	 58.0909 	 65.2965 	 -1.2
71.8054 	 58.2049 	 79.4842 	 -1.2
72.3585 	 72.4585 	 64.8262 	 -1.2
71.8787 	 73.0509 	 78.6773 	 -1.2
71.2657 	 86.7706 	 65.1925 	 -1.2
71.5098 	 86.4373 	 79.0787 	 -1.2
85.5718 	 72.5319 	 65.628 	 -1.2
85.428 	 72.6207 	 79.2342 	 -1.2
56.9624 	 65.7065 	 72.8153 	 -1.2
57.957 	 79.6414 	 71.8613 	 -1.2
71.9284 	 65.2673 	 57.9494 	 -1.2
71.7588 	 65.5254 	 72.0671 	 -1.2
71.8086 	 65.5769 	 87.1772 	 -1.2
71.8589 	 79.8028 	 58.2723 	 -1.2
71.8637 	 79.1338 	 71.969 	 -1.2
72.4851 	 78.668 	 86.14 	 -1.2
86.3278 	 65.3649 	 72.0342 	 -1.2
85.6749 	 79.6322 	 72.4253 	 -1.2
57.2584 	 65.6913 	 65.3628 	 -1.2
57.4024 	 65.0463 	 79.4393 	 -1.2
57.5057 	 78.9327 	 65.3338 	 -1.2
57.4925 	 79.2799 	 79.4938 	 -1.2
71.8182 	 64.7728 	 64.9528 	 -1.2
72.06 	 65.5551 	 78.379 	 -1.2
72.0234 	 79.023 	 64.5659 	 -1.2
72.4186 	 78.5243 	 79.0964 	 -1.2
85.7849 	 64.8002 	 64.9645 	 -1.2
85.9216 	 64.9884 	 79.4729 	 -1.2
85.9999 	 79.7624 	 65.0371 	 -1.2
85.6776 	 79.9569 	 78.352 	 -1.2
64.4319 	 58.3209 	 57.9645 	 -1.2
64.7639 	 58.4923 	 72.0582 	 -1.2
65.5876 	 72.437 	 57.6756 	 -1.2
64.5089 	 72.4105 	 72.5039 	 -1.2
65.7632 	 72.2747 	 86.4686 	 -1.2
65.1699 	 86.6848 	 72.1665 	 -1.2
78.8843 	 58.9564 	 56.3878 	 -1.2
79.3131 	 58.0464 	 72.0511 	 -1.2
78.4736 	 72.9075 	 58.5199 	 -1.2
79.1814 	 72.3128 	 71.7585 	 -1.2
77.9271 	 72.2724 	 86.3487 	 -1.2
78.3681 	 86.7002 	 72.8589 	 -1.2
64.9643 	 56.7138 	 65.9855 	 -1.2
65.3088 	 58.3331 	 78.7667 	 -1.2
64.7638 	 71.652 	 65.3027 	 -1.2
65.0833 	 71.7455 	 79.6226 	 -1.2
65.4094 	 85.2143 	 65.1339 	 -1.2
65.0329 	 86.9837 	 78.4841 	 -1.2
78.5368 	 58.22 	 65.1152 	 -1.2
79.4224 	 57.59 	 79.1165 	 -1.2
78.8185 	 72.5628 	 65.1017 	 -1.2
79.2429 	 72.6465 	 78.5784 	 -1.2
79.3185 	 86.0016 	 64.3998 	 -1.2
78.452 	 85.4525 	 79.7087 	 -1.2
64.9461 	 64.5348 	 58.0567 	 -1.2
64.9843 	 65.4553 	 71.7534 	 -1.2
66.0417 	 65.2635 	 84.4699 	 -1.2
64.9189 	 79.0445 	 57.103 	 -1.2
65.1744 	 79.6488 	 71.969 	 -1.2
65.5535 	 80.1201 	 85.5804 	 -1.2
78.5414 	 65.7712 	 57.9449 	 -1.2
78.9869 	 64.9608 	 72.2275 	 -1.2
80.0312 	 65.7227 	 84.9813 	 -1.2
79.26 	 78.701 	 57.362 	 -1.2
79.0253 	 79.3629 	 71.8262 	 -1.2
80.0775 	 79.1116 	 85.825 	 -1.2
64.8051 	 65.5362 	 65.3251 	 -1.2
64.9166 	 65.3027 	 79.3999 	 -1.2
64.7404 	 79.4561 	 64.8043 	 -1.2
64.7439 	 79.3669 	 79.8787 	 -1.2
79.2615 	 64.6735 	 65.1965 	 -1.2
78.6698 	 65.3166 	 79.5498 	 -1.2
78.537 	 79.9135 	 65.4846 	 -1.2
79.3798 	 79.4991 	 79.2808 	 -1.2
58.0423 	 62.1282 	 62.0828 	 -1.2
57.4449 	 61.1034 	 76.2019 	 -1.2
58.5127 	 74.7323 	 62.0031 	 -1.2
58.1247 	 75.2167 	 76.4968 	 -1.2
72.8508 	 60.5968 	 62.1748 	 -1.2
72.6242 	 60.8983 	 76.3362 	 -1.2
72.8316 	 74.967 	 61.6576 	 -1.2
72.4503 	 74.59 	 76.0525 	 -1.2
72.9003 	 73.9068 	 86.3121 	 -1.2
73.0331 	 87.8084 	 76.2724 	 -1.2
86.6986 	 60.7948 	 76.3672 	 -1.2
85.357 	 75.5509 	 62.4269 	 -1.2
86.4996 	 74.4923 	 76.7726 	 -1.2
58.6942 	 62.7719 	 69.1001 	 -1.2
60.2758 	 60.8202 	 82.1894 	 -1.2
58.7063 	 76.3458 	 67.8113 	 -1.2
58.5595 	 75.6386 	 82.8731 	 -1.2
73.9307 	 63.1568 	 54.1205 	 -1.2
72.2981 	 62.4537 	 67.9024 	 -1.2
71.8751 	 61.9887 	 83.4085 	 -1.2
72.7796 	 76.393 	 54.4383 	 -1.2
72.7674 	 75.7149 	 68.5691 	 -1.2
72.5081 	 77.0504 	 81.5523 	 -1.2
71.1045 	 90.4744 	 68.8822 	 -1.2
86.2203 	 62.1349 	 68.3588 	 -1.2
86.7513 	 76.4694 	 68.5299 	 -1.2
86.527 	 75.4873 	 83.3727 	 -1.2
57.9441 	 68.4275 	 61.0268 	 -1.2
58.7902 	 69.7105 	 75.1716 	 -1.2
57.4853 	 83.3004 	 75.3246 	 -1.2
71.0023 	 55.3448 	 61.8006 	 -1.2
71.8244 	 55.1829 	 75.7188 	 -1.2
71.908 	 69.3099 	 60.7691 	 -1.2
72.1801 	 69.4528 	 75.2997 	 -1.2
71.6113 	 83.0692 	 61.8794 	 -1.2
72.2868 	 83.2329 	 75.1602 	 -1.2
86.5282 	 69.3397 	 61.5749 	 -1.2
86.2993 	 69.5056 	 75.1404 	 -1.2
85.5769 	 81.8777 	 76.6412 	 -1.2
58.2305 	 67.7224 	 69.7551 	 -1.2
57.9587 	 68.7179 	 83.2739 	 -1.2
58.0381 	 82.608 	 69.2855 	 -1.2
73.0348 	 53.8478 	 69.0328 	 -1.2
72.9357 	 67.9065 	 55.6762 	 -1.2
72.7942 	 67.8277 	 69.2911 	 -1.2
72.7313 	 81.6799 	 68.9343 	 -1.2
72.8301 	 82.1445 	 82.7937 	 -1.2
86.5297 	 68.2465 	 68.7966 	 -1.2
86.071 	 68.6999 	 83.6652 	 -1.2
86.7097 	 81.6185 	 69.0826 	 -1.2
64.6195 	 61.9823 	 61.6295 	 -1.2
65.9014 	 62.0545 	 75.6566 	 -1.2
65.6696 	 75.5381 	 61.9227 	 -1.2
65.1764 	 76.7457 	 75.3688 	 -1.2
79.7862 	 61.4089 	 61.1573 	 -1.2
79.207 	 62.2514 	 75.3075 	 -1.2
79.0996 	 76.5432 	 61.9387 	 -1.2
79.295 	 75.4628 	 76.0071 	 -1.2
65.5054 	 60.792 	 69.4236 	 -1.2
64.5369 	 60.5428 	 83.1463 	 -1.2
65.2902 	 74.8442 	 54.8997 	 -1.2
65.2235 	 75.168 	 69.2632 	 -1.2
65.9848 	 75.3862 	 83.398 	 -1.2
66.4109 	 88.2248 	 68.6722 	 -1.2
79.911 	 61.376 	 68.9982 	 -1.2
79.6274 	 60.975 	 83.1202 	 -1.2
79.825 	 74.6166 	 54.1318 	 -1.2
79.7964 	 75.0387 	 69.1911 	 -1.2
79.4658 	 74.7973 	 83.4373 	 -1.2
66.6351 	 54.13 	 76.6759 	 -1.2
66.0629 	 67.8918 	 61.819 	 -1.2
64.5805 	 67.7377 	 76.4255 	 -1.2
65.3505 	 81.4393 	 61.8871 	 -1.2
65.3127 	 82.1744 	 76.3647 	 -1.2
78.9482 	 68.3024 	 62.802 	 -1.2
79.5527 	 67.8651 	 76.7703 	 -1.2
79.7753 	 81.7919 	 61.5585 	 -1.2
79.6471 	 81.7839 	 76.448 	 -1.2
65.1403 	 55.4957 	 68.402 	 -1.2
65.6753 	 68.8544 	 53.7815 	 -1.2
64.79 	 69.7104 	 68.3932 	 -1.2
65.2042 	 69.5586 	 82.3805 	 -1.2
65.3143 	 83.5492 	 68.0742 	 -1.2
65.146 	 83.7609 	 82.2 	 -1.2
79.3658 	 55.4982 	 67.4092 	 -1.2
79.0047 	 69.6351 	 54.7722 	 -1.2
79.5042 	 69.4642 	 67.7728 	 -1.2
78.9856 	 68.8209 	 82.8053 	 -1.2
79.4042 	 83.3839 	 68.978 	 -1.2
79.0426 	 84.0977 	 81.8312 	 -1.2
60.2804 	 63.1986 	 59.1061 	 -1.2
61.9493 	 61.4712 	 72.8043 	 -1.2
61.8569 	 75.3753 	 59.042 	 -1.2
61.1547 	 76.4523 	 72.1482 	 -1.2
62.5573 	 76.1508 	 85.779 	 -1.2
75.6723 	 61.8441 	 58.6384 	 -1.2
74.8051 	 62.1506 	 72.3639 	 -1.2
76.6066 	 62.4341 	 85.7121 	 -1.2
75.3616 	 75.9853 	 58.6824 	 -1.2
75.5458 	 75.8131 	 72.8655 	 -1.2
75.4706 	 75.689 	 85.5238 	 -1.2
74.3292 	 88.104 	 72.807 	 -1.2
88.9952 	 76.5959 	 73.0878 	 -1.2
61.8971 	 61.1843 	 65.4731 	 -1.2
61.4085 	 61.4651 	 80.0116 	 -1.2
62.2175 	 75.0938 	 65.4483 	 -1.2
61.9854 	 75.0647 	 79.7561 	 -1.2
76.0229 	 60.8 	 65.8343 	 -1.2
76.0687 	 60.8535 	 79.6844 	 -1.2
76.7084 	 74.9809 	 65.2912 	 -1.2
76.3638 	 75.3206 	 79.333 	 -1.2
76.1606 	 87.7586 	 65.7452 	 -1.2
63.2203 	 67.9144 	 57.59 	 -1.2
62.0203 	 67.8692 	 72.6485 	 -1.2
62.3641 	 69.0058 	 86.5581 	 -1.2
63.7205 	 85.0263 	 58.5044 	 -1.2
62.4012 	 82.2555 	 71.9765 	 -1.2
76.209 	 54.127 	 72.8355 	 -1.2
76.4924 	 67.868 	 58.9229 	 -1.2
76.4248 	 67.8973 	 72.7107 	 -1.2
76.5387 	 67.1119 	 86.1263 	 -1.2
76.2092 	 82.2583 	 57.895 	 -1.2
76.5016 	 81.8092 	 72.388 	 -1.2
75.6266 	 82.1037 	 86.7778 	 -1.2
90.8837 	 67.4303 	 70.6461 	 -1.2
60.5526 	 68.8636 	 65.2782 	 -1.2
61.0368 	 68.942 	 79.3696 	 -1.2
61.0836 	 82.9653 	 65.0973 	 -1.2
60.8407 	 83.5824 	 79.1918 	 -1.2
74.422 	 55.2562 	 65.1905 	 -1.2
75.2567 	 54.7519 	 79.1567 	 -1.2
74.884 	 69.2548 	 64.9287 	 -1.2
75.1313 	 69.6888 	 79.6672 	 -1.2
75.306 	 83.1377 	 65.5933 	 -1.2
74.6244 	 82.8421 	 79.7696 	 -1.2
88.7006 	 68.6363 	 66.4703 	 -1.2
88.129 	 66.7546 	 79.031 	 -1.2
54.033 	 62.1006 	 72.1772 	 -1.2
55.1161 	 76.1668 	 72.1669 	 -1.2
68.9058 	 61.2081 	 58.4755 	 -1.2
69.0346 	 61.6218 	 72.9168 	 -1.2
68.7549 	 62.3601 	 85.3444 	 -1.2
69.2268 	 75.6249 	 58.4159 	 -1.2
69.005 	 74.8561 	 72.6364 	 -1.2
69.9048 	 89.0241 	 72.401 	 -1.2
83.2645 	 61.4217 	 73.1883 	 -1.2
83.1583 	 75.3673 	 57.9702 	 -1.2
83.601 	 74.9252 	 72.669 	 -1.2
53.9573 	 75.2065 	 65.9943 	 -1.2
55.2019 	 74.2313 	 79.6868 	 -1.2
68.0025 	 61.2244 	 65.095 	 -1.2
69.4567 	 61.4335 	 79.3951 	 -1.2
68.2643 	 75.4456 	 65.9106 	 -1.2
68.388 	 75.5897 	 78.9842 	 -1.2
65.2956 	 89.2711 	 62.9418 	 -1.2
82.6241 	 61.2735 	 65.4415 	 -1.2
82.5027 	 61.3277 	 78.9094 	 -1.2
82.6879 	 75.6114 	 65.4488 	 -1.2
83.0433 	 76.0613 	 79.2931 	 -1.2
54.8761 	 69.1895 	 71.3879 	 -1.2
68.3658 	 54.4268 	 71.8688 	 -1.2
68.0384 	 68.8446 	 57.5605 	 -1.2
68.4342 	 68.8301 	 71.5853 	 -1.2
68.8141 	 82.2028 	 57.6028 	 -1.2
68.3406 	 83.4136 	 72.2894 	 -1.2
69.5018 	 83.1019 	 84.9169 	 -1.2
82.5412 	 68.4197 	 58.4456 	 -1.2
82.5363 	 68.7445 	 71.7515 	 -1.2
83.6303 	 69.3102 	 84.7662 	 -1.2
82.5832 	 82.7004 	 72.8535 	 -1.2
55.4258 	 67.496 	 66.0973 	 -1.2
54.5 	 68.8042 	 79.4978 	 -1.2
68.547 	 54.3783 	 66.3593 	 -1.2
68.7669 	 53.9386 	 78.5726 	 -1.2
69.5738 	 68.1137 	 65.5276 	 -1.2
68.5599 	 69.4335 	 79.3314 	 -1.2
69.0615 	 82.5702 	 65.5284 	 -1.2
68.9645 	 81.8845 	 79.6076 	 -1.2
83.2238 	 68.0631 	 65.4055 	 -1.2
83.2019 	 67.9356 	 80.1086 	 -1.2
82.9689 	 82.3748 	 65.5561 	 -1.2
84.0509 	 82.0117 	 79.0279 	 -1.2
62.1816 	 57.2556 	 62.3896 	 -1.2
61.7908 	 58.9605 	 75.0846 	 -1.2
62.0756 	 71.6662 	 61.2502 	 -1.2
62.8459 	 72.4509 	 75.3719 	 -1.2
61.927 	 86.6594 	 74.3701 	 -1.2
75.5824 	 58.0028 	 61.2786 	 -1.2
76.0217 	 58.1312 	 75.2541 	 -1.2
75.8831 	 72.5235 	 60.9976 	 -1.2
75.7254 	 72.4318 	 74.6735 	 -1.2
74.1693 	 69.9585 	 88.3673 	 -1.2
75.0506 	 86.2447 	 61.0158 	 -1.2
76.1078 	 86.0229 	 75.131 	 -1.2
88.8625 	 73.4563 	 76.2197 	 -1.2
60.9011 	 58.1637 	 68.979 	 -1.2
60.7832 	 72.2253 	 55.574 	 -1.2
60.9116 	 72.2151 	 69.0826 	 -1.2
61.7626 	 72.1621 	 82.7852 	 -1.2
61.9497 	 85.9632 	 68.5477 	 -1.2
75.4162 	 58.7752 	 68.7174 	 -1.2
75.3489 	 58.0537 	 83.1955 	 -1.2
75.6993 	 72.506 	 54.9366 	 -1.2
75.1139 	 72.6623 	 68.8446 	 -1.2
74.6583 	 86.1702 	 69.1719 	 -1.2
89.0126 	 72.8282 	 69.223 	 -1.2
61.3635 	 65.9383 	 61.8449 	 -1.2
60.7229 	 64.8092 	 76.3253 	 -1.2
60.6367 	 79.5164 	 61.5231 	 -1.2
60.838 	 79.4252 	 76.2227 	 -1.2
75.1232 	 64.8838 	 62.14 	 -1.2
74.9328 	 65.5373 	 76.1892 	 -1.2
74.9286 	 79.6048 	 61.7949 	 -1.2
75.1006 	 79.1621 	 76.2593 	 -1.2
87.732 	 66.1721 	 76.4882 	 -1.2
61.6995 	 65.7005 	 67.7501 	 -1.2
61.7658 	 65.909 	 82.3054 	 -1.2
62.1691 	 79.8115 	 67.5702 	 -1.2
61.8553 	 79.6721 	 82.1556 	 -1.2
75.5067 	 66.4901 	 53.9073 	 -1.2
76.1198 	 65.6288 	 67.8003 	 -1.2
75.4838 	 65.0078 	 82.0009 	 -1.2
76.0463 	 79.3938 	 67.7776 	 -1.2
76.5443 	 79.7191 	 82.2334 	 -1.2
55.8555 	 71.4489 	 63.5542 	 -1.2
54.3018 	 71.9727 	 74.9137 	 -1.2
66.3275 	 57.3562 	 62.664 	 -1.2
68.5687 	 57.8644 	 75.375 	 -1.2
68.7242 	 72.2987 	 61.5562 	 -1.2
68.2263 	 71.5614 	 75.7966 	 -1.2
68.5193 	 70.6908 	 88.8402 	 -1.2
67.9773 	 85.6034 	 61.4507 	 -1.2
68.1438 	 86.6417 	 75.9939 	 -1.2
82.5069 	 57.5168 	 75.7191 	 -1.2
81.8616 	 71.8223 	 62.0184 	 -1.2
81.9283 	 72.2459 	 75.8438 	 -1.2
81.3092 	 84.9357 	 76.6691 	 -1.2
55.7038 	 72.4819 	 68.5941 	 -1.2
68.4975 	 58.9013 	 68.5401 	 -1.2
69.0751 	 58.2697 	 82.0735 	 -1.2
69.1147 	 72.8108 	 54.3834 	 -1.2
68.887 	 72.664 	 67.8693 	 -1.2
68.56 	 86.6746 	 68.8589 	 -1.2
69.1319 	 86.6015 	 80.6766 	 -1.2
82.4678 	 59.0043 	 68.6421 	 -1.2
83.1993 	 72.508 	 68.1051 	 -1.2
82.4547 	 72.2124 	 82.686 	 -1.2
81.1677 	 86.6277 	 66.5804 	 -1.2
55.3242 	 66.3728 	 74.9937 	 -1.2
54.5887 	 79.7229 	 75.1276 	 -1.2
68.6601 	 65.2014 	 61.3031 	 -1.2
68.5154 	 66.2688 	 75.2551 	 -1.2
68.8636 	 65.9466 	 88.9961 	 -1.2
68.4142 	 79.7211 	 61.2954 	 -1.2
69.3067 	 79.439 	 75.1068 	 -1.2
83.0843 	 65.4386 	 60.821 	 -1.2
82.8258 	 65.8909 	 75.5235 	 -1.2
83.1434 	 79.5256 	 60.973 	 -1.2
82.1616 	 78.8909 	 75.7177 	 -1.2
54.2462 	 64.4401 	 68.4854 	 -1.2
53.9831 	 79.2145 	 69.4805 	 -1.2
68.7018 	 65.1261 	 54.204 	 -1.2
68.5548 	 64.9718 	 68.2879 	 -1.2
68.3573 	 64.3286 	 83.0409 	 -1.2
69.0777 	 78.4812 	 53.9891 	 -1.2
67.8652 	 79.5557 	 68.7974 	 -1.2
68.8819 	 78.9844 	 82.8612 	 -1.2
82.8298 	 64.9655 	 68.5591 	 -1.2
82.6869 	 65.3444 	 82.2846 	 -1.2
82.319 	 79.5093 	 68.8098 	 -1.2
81.8042 	 79.0175 	 83.8001 	 -1.2
57.4183 	 59.6136 	 74.0607 	 -1.2
57.8721 	 72.6902 	 60.1219 	 -1.2
58.0905 	 73.5405 	 74.5077 	 -1.2
72.97 	 58.8267 	 60.4132 	 -1.2
71.9204 	 59.613 	 74.0938 	 -1.2
71.7069 	 73.5916 	 59.7033 	 -1.2
71.5476 	 72.8569 	 74.1543 	 -1.2
75.5851 	 88.0847 	 63.1065 	 -1.2
72.0719 	 87.4529 	 73.7011 	 -1.2
85.7571 	 59.6966 	 74.0965 	 -1.2
86.0401 	 73.242 	 61.8053 	 -1.2
86.239 	 73.8493 	 74.2158 	 -1.2
57.9948 	 60.7008 	 67.7872 	 -1.2
58.0429 	 74.1498 	 66.6735 	 -1.2
57.562 	 74.3599 	 80.724 	 -1.2
72.0559 	 60.5519 	 66.1277 	 -1.2
71.8736 	 60.4486 	 81.1031 	 -1.2
72.4671 	 74.4143 	 52.7779 	 -1.2
71.9027 	 74.2054 	 66.7265 	 -1.2
72.4002 	 75.1666 	 79.8112 	 -1.2
71.7897 	 88.4034 	 67.2018 	 -1.2
70.741 	 88.5603 	 80.1291 	 -1.2
84.7246 	 60.3748 	 66.3867 	 -1.2
86.7989 	 74.8102 	 66.3774 	 -1.2
86.4743 	 74.0824 	 81.0919 	 -1.2
57.4887 	 66.9995 	 59.0315 	 -1.2
58.5581 	 67.212 	 74.2594 	 -1.2
58.4633 	 81.408 	 74.0335 	 -1.2
71.3852 	 53.4727 	 73.8283 	 -1.2
72.3251 	 67.026 	 59.6045 	 -1.2
72.3532 	 67.5406 	 73.6064 	 -1.2
72.8323 	 81.3636 	 60.2366 	 -1.2
72.4062 	 81.1172 	 73.5611 	 -1.2
70.9616 	 80.56 	 86.2992 	 -1.2
86.6452 	 67.617 	 73.2564 	 -1.2
86.7243 	 81.2976 	 74.1484 	 -1.2
58.4803 	 66.5533 	 67.4038 	 -1.2
57.6219 	 67.0021 	 81.3165 	 -1.2
57.7088 	 80.5534 	 67.6945 	 -1.2
58.4288 	 80.3459 	 81.7834 	 -1.2
71.1617 	 51.7615 	 69.0228 	 -1.2
71.8305 	 69.1506 	 53.6803 	 -1.2
71.9577 	 66.3641 	 67.1761 	 -1.2
72.026 	 65.9164 	 80.9558 	 -1.2
71.7013 	 80.1421 	 66.8964 	 -1.2
72.0288 	 80.291 	 81.0911 	 -1.2
85.667 	 66.6257 	 67.0443 	 -1.2
86.2305 	 67.1943 	 81.0868 	 -1.2
85.6388 	 80.4409 	 67.6246 	 -1.2
64.4207 	 60.1255 	 59.9616 	 -1.2
65.0585 	 60.6983 	 73.5388 	 -1.2
65.4038 	 74.2716 	 59.6572 	 -1.2
65.2663 	 74.4192 	 74.1195 	 -1.2
65.7376 	 74.1977 	 88.3188 	 -1.2
64.6429 	 87.7067 	 74.3547 	 -1.2
78.5613 	 60.1959 	 58.8364 	 -1.2
78.9419 	 59.9612 	 73.9203 	 -1.2
79.2471 	 74.1738 	 60.7644 	 -1.2
79.7682 	 74.4557 	 73.4731 	 -1.2
78.7956 	 73.9777 	 88.1175 	 -1.2
78.1052 	 87.6271 	 75.3326 	 -1.2
65.0829 	 59.0083 	 67.276 	 -1.2
64.9199 	 59.866 	 80.6826 	 -1.2
63.8103 	 75.9527 	 52.8263 	 -1.2
64.9295 	 73.5335 	 67.2422 	 -1.2
65.7075 	 73.4544 	 81.6789 	 -1.2
64.8914 	 86.7064 	 67.4414 	 -1.2
78.8318 	 60.2688 	 66.751 	 -1.2
78.5716 	 59.3808 	 81.0381 	 -1.2
78.6335 	 73.3699 	 67.599 	 -1.2
79.2379 	 73.7741 	 80.997 	 -1.2
78.3993 	 86.4779 	 66.7028 	 -1.2
65.564 	 65.8473 	 60.2357 	 -1.2
64.6963 	 66.4355 	 74.192 	 -1.2
63.8688 	 66.883 	 87.9739 	 -1.2
64.6117 	 80.4073 	 59.4707 	 -1.2
65.0265 	 80.3389 	 74.4683 	 -1.2
78.8814 	 67.1761 	 60.3923 	 -1.2
79.3041 	 66.53 	 74.3446 	 -1.2
81.0583 	 65.3734 	 86.891 	 -1.2
79.0199 	 80.0871 	 59.6387 	 -1.2
78.9904 	 80.1657 	 74.3563 	 -1.2
65.8227 	 54.3281 	 66.1655 	 -1.2
65.2573 	 67.6981 	 66.7741 	 -1.2
65.0231 	 67.3329 	 81.0019 	 -1.2
64.8994 	 81.4329 	 66.5554 	 -1.2
65.502 	 81.8403 	 80.4425 	 -1.2
79.2152 	 67.2329 	 66.0844 	 -1.2
79.1066 	 67.4391 	 80.6404 	 -1.2
79.7591 	 81.665 	 66.9312 	 -1.2
79.4659 	 81.6176 	 80.9269 	 -1.2
58.3764 	 63.5078 	 63.711 	 -1.2
58.1959 	 63.0895 	 77.8085 	 -1.2
58.0454 	 76.7992 	 63.809 	 -1.2
58.073 	 77.4502 	 77.7124 	 -1.2
72.314 	 62.8519 	 63.3103 	 -1.2
72.1016 	 63.0737 	 77.5698 	 -1.2
72.0987 	 76.7415 	 63.3727 	 -1.2
71.98 	 76.8174 	 77.23 	 -1.2
85.2624 	 62.3389 	 63.9566 	 -1.2
85.9145 	 62.9879 	 77.6654 	 -1.2
86.7732 	 77.4217 	 63.5525 	 -1.2
86.9991 	 77.7869 	 77.5345 	 -1.2
58.2162 	 64.4121 	 70.9423 	 -1.2
58.7544 	 77.7391 	 70.0112 	 -1.2
72.89 	 63.3623 	 56.4927 	 -1.2
72.4186 	 63.8482 	 70.088 	 -1.2
72.3707 	 63.914 	 85.2207 	 -1.2
73.0016 	 78.2374 	 56.3747 	 -1.2
71.8093 	 77.5586 	 70.012 	 -1.2
72.015 	 77.7492 	 83.7878 	 -1.2
85.7303 	 64.7204 	 69.1329 	 -1.2
85.7456 	 78.1582 	 70.2276 	 -1.2
58.1012 	 70.2785 	 62.9221 	 -1.2
58.8084 	 70.9244 	 77.4533 	 -1.2
72.1399 	 55.9192 	 64.0602 	 -1.2
72.9207 	 56.473 	 77.7482 	 -1.2
71.8184 	 70.4796 	 63.0434 	 -1.2
71.6666 	 70.7891 	 77.5494 	 -1.2
72.0005 	 85.3657 	 63.0168 	 -1.2
71.8944 	 84.5968 	 77.3191 	 -1.2
85.8024 	 70.8173 	 63.5425 	 -1.2
86.2636 	 70.8337 	 77.5027 	 -1.2
59.5822 	 69.6161 	 55.6389 	 -1.2
57.9836 	 70.2075 	 70.7429 	 -1.2
58.2614 	 71.1758 	 84.4188 	 -1.2
59.038 	 84.97 	 70.4141 	 -1.2
72.4332 	 56.2457 	 70.1963 	 -1.2
72.5149 	 69.8532 	 57.1692 	 -1.2
72.2842 	 69.9129 	 70.5484 	 -1.2
72.5634 	 85.0545 	 56.3705 	 -1.2
72.9263 	 83.7691 	 70.601 	 -1.2
72.0965 	 83.9312 	 84.4477 	 -1.2
86.6713 	 69.9879 	 70.8198 	 -1.2
88.0739 	 80.4901 	 71.7036 	 -1.2
65.2372 	 63.5114 	 63.6358 	 -1.2
65.7244 	 63.6906 	 77.5593 	 -1.2
65.2991 	 78.0598 	 62.6638 	 -1.2
65.1693 	 78.2812 	 77.5878 	 -1.2
79.4939 	 63.5511 	 62.8306 	 -1.2
78.5912 	 63.5148 	 77.5306 	 -1.2
79.45 	 78.5128 	 63.5744 	 -1.2
79.2785 	 77.7553 	 77.2913 	 -1.2
64.675 	 63.1502 	 55.9779 	 -1.2
65.0222 	 63.1433 	 70.3667 	 -1.2
64.4859 	 63.0012 	 84.4662 	 -1.2
65.924 	 76.7868 	 56.4939 	 -1.2
65.1624 	 77.3442 	 70.7528 	 -1.2
65.1265 	 76.7788 	 85.3782 	 -1.2
80.0279 	 64.2821 	 56.8545 	 -1.2
78.9215 	 62.7586 	 70.8018 	 -1.2
78.8377 	 63.4884 	 83.9001 	 -1.2
78.5781 	 76.6428 	 55.7719 	 -1.2
79.7263 	 77.1269 	 70.7886 	 -1.2
79.4124 	 76.9056 	 84.7981 	 -1.2
64.4568 	 55.6049 	 63.1011 	 -1.2
65.1352 	 56.0937 	 77.4218 	 -1.2
65.1086 	 69.5671 	 63.6425 	 -1.2
64.8012 	 70.2471 	 77.4586 	 -1.2
65.303 	 83.9321 	 62.7643 	 -1.2
65.2097 	 84.5401 	 77.6379 	 -1.2
78.8798 	 55.7321 	 64.7065 	 -1.2
79.0699 	 56.258 	 76.5937 	 -1.2
79.6794 	 70.4894 	 63.7799 	 -1.2
79.0339 	 70.142 	 78.0882 	 -1.2
78.7463 	 83.7512 	 62.9234 	 -1.2
79.1097 	 83.9235 	 77.541 	 -1.2
64.1624 	 56.5627 	 70.576 	 -1.2
65.1277 	 70.4801 	 55.9305 	 -1.2
65.4781 	 71.0397 	 70.5743 	 -1.2
65.0054 	 69.9197 	 85.1337 	 -1.2
65.3241 	 85.2283 	 70.1372 	 -1.2
79.3175 	 56.9516 	 69.5797 	 -1.2
79.4265 	 70.9622 	 56.964 	 -1.2
78.9824 	 70.3044 	 70.2494 	 -1.2
78.8572 	 70.895 	 84.3913 	 -1.2
79.1592 	 85.4853 	 70.6095 	 -1.2
62.0818 	 64.4056 	 59.9676 	 -1.2
61.3271 	 63.6628 	 74.1686 	 -1.2
61.5624 	 77.7403 	 59.9392 	 -1.2
61.7875 	 78.0985 	 74.1576 	 -1.2
76.0343 	 64.1459 	 59.8428 	 -1.2
75.6482 	 64.1169 	 74.0647 	 -1.2
76.409 	 63.5293 	 88.0052 	 -1.2
75.9997 	 78.0758 	 60.0383 	 -1.2
75.9366 	 77.9941 	 74.0348 	 -1.2
74.7309 	 77.6082 	 87.1582 	 -1.2
61.6211 	 62.9877 	 67.3377 	 -1.2
61.9238 	 63.9473 	 80.6435 	 -1.2
61.8354 	 77.5367 	 66.1359 	 -1.2
61.993 	 77.3419 	 80.9824 	 -1.2
76.0125 	 63.4518 	 66.2462 	 -1.2
75.187 	 62.6488 	 81.316 	 -1.2
75.8469 	 77.0752 	 66.7262 	 -1.2
75.9158 	 77.3822 	 80.9426 	 -1.2
61.6962 	 56.4895 	 75.1689 	 -1.2
62.1342 	 69.5835 	 59.6467 	 -1.2
61.916 	 70.5345 	 73.4927 	 -1.2
61.0314 	 71.0516 	 87.6466 	 -1.2
61.7264 	 84.2834 	 73.5075 	 -1.2
76.092 	 56.4672 	 73.3679 	 -1.2
75.3133 	 70.1539 	 59.6965 	 -1.2
75.5831 	 69.8632 	 74.3051 	 -1.2
76.3435 	 68.3427 	 88.1979 	 -1.2
75.8375 	 84.0761 	 59.6588 	 -1.2
75.6583 	 83.7499 	 73.9349 	 -1.2
90.7412 	 71.911 	 74.7803 	 -1.2
61.8993 	 57.5649 	 66.6821 	 -1.2
61.1361 	 70.8394 	 66.8322 	 -1.2
61.0721 	 71.1805 	 80.6343 	 -1.2
61.2906 	 85.3353 	 66.0299 	 -1.2
61.9845 	 85.2935 	 80.9102 	 -1.2
75.5825 	 57.2517 	 66.4993 	 -1.2
75.3998 	 57.0612 	 80.6161 	 -1.2
76.4496 	 69.9942 	 54.2304 	 -1.2
75.5837 	 70.9978 	 66.6465 	 -1.2
75.7065 	 71.4644 	 81.7787 	 -1.2
75.8714 	 85.3796 	 66.9395 	 -1.2
75.3619 	 85.1217 	 80.7766 	 -1.2
89.9168 	 70.6701 	 67.5991 	 -1.2
54.8555 	 64.337 	 73.4475 	 -1.2
55.7556 	 78.2869 	 73.526 	 -1.2
69.3543 	 62.8691 	 60.415 	 -1.2
69.3826 	 64.1189 	 73.8147 	 -1.2
68.1717 	 63.7546 	 87.6288 	 -1.2
69.2105 	 78.0485 	 59.5143 	 -1.2
68.8654 	 77.048 	 74.1914 	 -1.2
69.4426 	 77.0578 	 87.477 	 -1.2
82.3723 	 64.323 	 58.3703 	 -1.2
82.9973 	 63.3919 	 74.8312 	 -1.2
83.1488 	 77.0909 	 59.9185 	 -1.2
82.7864 	 77.1477 	 73.8329 	 -1.2
54.9643 	 62.1174 	 66.4537 	 -1.2
54.0725 	 77.5901 	 67.1963 	 -1.2
67.81 	 63.6623 	 66.1101 	 -1.2
68.1667 	 63.25 	 80.7731 	 -1.2
68.2724 	 77.8598 	 66.8787 	 -1.2
68.0227 	 77.3976 	 80.9255 	 -1.2
81.8308 	 63.2735 	 66.9067 	 -1.2
81.351 	 63.85 	 79.9454 	 -1.2
82.7774 	 77.8524 	 66.828 	 -1.2
82.9853 	 77.9653 	 81.2975 	 -1.2
54.2788 	 69.7767 	 73.7913 	 -1.2
68.488 	 57.7422 	 61.386 	 -1.2
67.8123 	 56.8426 	 73.0075 	 -1.2
68.2534 	 70.3022 	 59.7817 	 -1.2
67.9263 	 70.3436 	 73.5238 	 -1.2
68.8461 	 84.0715 	 59.4133 	 -1.2
69.0041 	 84.8525 	 74.328 	 -1.2
82.7441 	 56.9249 	 73.1818 	 -1.2
82.5875 	 70.6124 	 59.7377 	 -1.2
82.3108 	 70.4624 	 73.8203 	 -1.2
82.7902 	 84.9221 	 74.1799 	 -1.2
55.0037 	 70.1401 	 67.195 	 -1.2
55.0723 	 71.463 	 80.0324 	 -1.2
68.913 	 56.2883 	 68.2116 	 -1.2
68.4684 	 56.0425 	 80.4575 	 -1.2
69.608 	 70.6922 	 53.3378 	 -1.2
68.9183 	 70.1899 	 66.8992 	 -1.2
69.4829 	 84.7462 	 67.0112 	 -1.2
68.5945 	 84.0104 	 81.1572 	 -1.2
83.0049 	 58.4882 	 66.1594 	 -1.2
82.524 	 70.2942 	 66.8127 	 -1.2
82.5431 	 70.283 	 81.0839 	 -1.2
83.0073 	 84.5091 	 66.8225 	 -1.2
61.1772 	 59.2467 	 63.8818 	 -1.2
62.0086 	 59.829 	 77.5768 	 -1.2
61.9593 	 73.3588 	 63.4344 	 -1.2
61.6997 	 73.737 	 77.4916 	 -1.2
76.2181 	 59.5031 	 63.3503 	 -1.2
75.6483 	 59.5105 	 77.5113 	 -1.2
75.7445 	 73.3134 	 63.4509 	 -1.2
76.0235 	 73.8718 	 76.985 	 -1.2
74.9731 	 86.1504 	 63.839 	 -1.2
74.1727 	 86.0077 	 78.1842 	 -1.2
61.0684 	 60.3168 	 70.5639 	 -1.2
61.355 	 74.2962 	 56.8105 	 -1.2
61.5956 	 73.9009 	 71.1115 	 -1.2
61.8052 	 73.7602 	 85.1156 	 -1.2
60.8181 	 87.0684 	 70.4433 	 -1.2
76.5617 	 59.8851 	 57.3127 	 -1.2
75.6167 	 60.2022 	 70.9368 	 -1.2
75.3995 	 60.2449 	 84.9007 	 -1.2
75.8396 	 74.0381 	 56.9123 	 -1.2
75.1222 	 73.9135 	 71.1291 	 -1.2
74.9641 	 73.5832 	 83.7927 	 -1.2
75.007 	 88.5603 	 70.4364 	 -1.2
89.5646 	 74.8382 	 70.9534 	 -1.2
61.8663 	 67.2826 	 63.9065 	 -1.2
61.4835 	 66.7353 	 78.0523 	 -1.2
61.0517 	 80.9638 	 63.5999 	 -1.2
61.1721 	 81.4373 	 77.8622 	 -1.2
74.7012 	 52.1291 	 79.0828 	 -1.2
75.3282 	 66.9107 	 63.922 	 -1.2
75.7652 	 67.5975 	 77.8283 	 -1.2
75.6462 	 81.5286 	 63.6064 	 -1.2
75.3986 	 81.0202 	 78.0551 	 -1.2
61.4531 	 67.5421 	 55.8413 	 -1.2
61.5146 	 66.8415 	 70.1997 	 -1.2
61.7117 	 67.2733 	 84.6304 	 -1.2
61.5996 	 80.7012 	 69.8859 	 -1.2
62.8784 	 80.8902 	 84.7521 	 -1.2
74.6432 	 54.8881 	 70.7453 	 -1.2
76.4709 	 66.9037 	 56.3824 	 -1.2
76.2284 	 66.846 	 70.2777 	 -1.2
75.1679 	 66.3472 	 84.0151 	 -1.2
75.1416 	 80.9369 	 55.6899 	 -1.2
76.2729 	 80.1354 	 70.2648 	 -1.2
76.0228 	 80.7998 	 84.4728 	 -1.2
89.2981 	 66.1204 	 68.877 	 -1.2
53.8563 	 73.1576 	 64.0317 	 -1.2
54.6419 	 72.5667 	 77.6382 	 -1.2
68.6382 	 59.4838 	 63.3487 	 -1.2
68.6511 	 59.3146 	 77.7574 	 -1.2
68.1791 	 74.1411 	 63.487 	 -1.2
67.6589 	 73.7652 	 77.2368 	 -1.2
67.207 	 87.3048 	 63.2997 	 -1.2
69.2386 	 87.9442 	 78.1498 	 -1.2
83.049 	 59.7056 	 63.9235 	 -1.2
81.6622 	 60.1387 	 76.3515 	 -1.2
81.5588 	 73.6872 	 64.0258 	 -1.2
82.6185 	 74.0618 	 77.5882 	 -1.2
54.8791 	 74.2158 	 70.4296 	 -1.2
68.2442 	 59.6672 	 56.3955 	 -1.2
69.2829 	 60.3562 	 70.5203 	 -1.2
68.6325 	 59.696 	 84.5774 	 -1.2
69.6615 	 73.5276 	 56.7536 	 -1.2
68.6203 	 73.3429 	 70.4425 	 -1.2
69.1625 	 86.7959 	 71.4518 	 -1.2
83.0858 	 60.0294 	 70.9635 	 -1.2
82.2281 	 73.1808 	 56.802 	 -1.2
83.7259 	 73.5438 	 70.4372 	 -1.2
83.0707 	 72.9864 	 85.0309 	 -1.2
55.1787 	 66.0412 	 63.8857 	 -1.2
54.9773 	 67.2053 	 77.5637 	 -1.2
54.4694 	 81.1855 	 77.3866 	 -1.2
69.1529 	 66.3583 	 63.6115 	 -1.2
69.1084 	 67.2932 	 77.7283 	 -1.2
69.0738 	 80.6123 	 63.7464 	 -1.2
68.8548 	 81.1404 	 77.1165 	 -1.2
83.2944 	 66.5 	 63.2174 	 -1.2
83.3377 	 67.2688 	 77.6087 	 -1.2
83.079 	 80.9272 	 63.3562 	 -1.2
83.3479 	 80.6411 	 77.3909 	 -1.2
54.0005 	 66.8519 	 69.9384 	 -1.2
54.6665 	 79.8501 	 72.0265 	 -1.2
67.4512 	 53.6587 	 69.429 	 -1.2
68.8795 	 66.6573 	 56.2089 	 -1.2
68.0389 	 66.4791 	 70.4432 	 -1.2
68.365 	 66.4972 	 84.5682 	 -1.2
68.2035 	 80.4015 	 55.8182 	 -1.2
68.3509 	 81.202 	 70.8151 	 -1.2
68.2316 	 80.732 	 84.6132 	 -1.2
81.6684 	 66.519 	 56.8613 	 -1.2
82.2209 	 66.3898 	 70.5397 	 -1.2
82.4208 	 67.3346 	 83.8562 	 -1.2
81.9032 	 81.0819 	 70.8833 	 -1.2
80.836 	 81.4304 	 84.4748 	 -1.2
59.4958 	 58.0344 	 74.2618 	 -1.2
60.2138 	 71.5846 	 59.5487 	 -1.2
60.6372 	 72.8453 	 74.1152 	 -1.2
63.8928 	 74.9367 	 90.1468 	 -1.2
59.9151 	 85.975 	 72.6305 	 -1.2
74.0907 	 57.2914 	 59.169 	 -1.2
74.0061 	 58.2149 	 73.5534 	 -1.2
73.9563 	 72.3939 	 59.2152 	 -1.2
73.725 	 71.6797 	 73.2999 	 -1.2
73.5021 	 84.8136 	 58.9171 	 -1.2
74.1977 	 85.69 	 73.2227 	 -1.2
88.6159 	 72.8647 	 73.5398 	 -1.2
59.2531 	 58.4539 	 67.0555 	 -1.2
58.9185 	 71.8217 	 67.3825 	 -1.2
58.7788 	 71.9646 	 80.9081 	 -1.2
59.5735 	 86.5685 	 67.8751 	 -1.2
73.3276 	 58.5181 	 67.2082 	 -1.2
73.5117 	 58.6423 	 81.4224 	 -1.2
74.1491 	 71.86 	 53.2464 	 -1.2
73.1559 	 71.9965 	 67.3174 	 -1.2
73.3144 	 86.1515 	 66.8496 	 -1.2
73.1237 	 86.9294 	 81.0078 	 -1.2
88.0341 	 72.4562 	 66.7421 	 -1.2
87.09 	 71.5065 	 80.5998 	 -1.2
59.7894 	 65.8776 	 59.7687 	 -1.2
58.9569 	 64.7013 	 74.2758 	 -1.2
59.073 	 78.1169 	 59.5487 	 -1.2
59.3584 	 78.9822 	 73.9673 	 -1.2
73.5858 	 64.7848 	 59.9273 	 -1.2
73.1987 	 65.2466 	 74.2893 	 -1.2
73.9663 	 64.8011 	 88.2504 	 -1.2
73.4887 	 78.7416 	 59.8829 	 -1.2
73.5011 	 78.8188 	 73.9742 	 -1.2
73.1606 	 79.9122 	 87.9247 	 -1.2
88.0541 	 65.669 	 73.9467 	 -1.2
87.5097 	 76.5361 	 75.178 	 -1.2
59.5752 	 64.358 	 66.8117 	 -1.2
59.6075 	 65.3102 	 80.9141 	 -1.2
59.7183 	 79.1274 	 66.682 	 -1.2
60.0301 	 79.1034 	 80.3336 	 -1.2
74.0709 	 65.1939 	 66.1728 	 -1.2
73.7557 	 64.5976 	 80.0325 	 -1.2
73.8538 	 78.7723 	 66.3288 	 -1.2
74.3795 	 79.5317 	 80.5957 	 -1.2
87.8867 	 65.1558 	 66.7779 	 -1.2
87.6562 	 80.9101 	 66.7007 	 -1.2
53.6016 	 71.2441 	 72.1483 	 -1.2
66.0775 	 58.1028 	 60.118 	 -1.2
66.2235 	 58.4791 	 74.2437 	 -1.2
66.3589 	 71.9162 	 60.2178 	 -1.2
66.0528 	 71.9956 	 74.6146 	 -1.2
66.2758 	 71.49 	 88.7977 	 -1.2
66.2082 	 84.5583 	 59.6997 	 -1.2
66.5729 	 85.9295 	 74.0757 	 -1.2
80.2015 	 57.4851 	 74.4322 	 -1.2
80.3055 	 71.9304 	 59.9327 	 -1.2
80.2467 	 71.9268 	 74.0338 	 -1.2
79.5528 	 71.3382 	 87.9672 	 -1.2
80.3222 	 86.1903 	 74.5873 	 -1.2
54.0148 	 72.6721 	 66.8338 	 -1.2
67.1267 	 57.4732 	 66.8016 	 -1.2
66.8693 	 58.0385 	 80.7662 	 -1.2
67.406 	 71.8468 	 52.3922 	 -1.2
67.0225 	 72.0025 	 66.2763 	 -1.2
67.5596 	 71.8692 	 80.2276 	 -1.2
67.2002 	 86.0928 	 66.8522 	 -1.2
66.9355 	 85.7696 	 80.0294 	 -1.2
80.6563 	 58.6924 	 66.7008 	 -1.2
80.8749 	 58.5299 	 81.2425 	 -1.2
80.9217 	 72.3861 	 66.8025 	 -1.2
81.2949 	 72.4588 	 80.1962 	 -1.2
80.2847 	 84.636 	 66.4916 	 -1.2
67.371 	 64.2982 	 59.1725 	 -1.2
66.7996 	 64.9007 	 73.711 	 -1.2
66.2535 	 65.3814 	 88.5659 	 -1.2
66.6874 	 79.005 	 59.225 	 -1.2
67.1434 	 78.9975 	 73.6662 	 -1.2
67.806 	 79.0625 	 86.5293 	 -1.2
80.7792 	 65.677 	 59.1462 	 -1.2
81.2367 	 65.0698 	 73.6348 	 -1.2
81.2053 	 78.7477 	 59.2031 	 -1.2
81.0839 	 79.2629 	 73.3339 	 -1.2
66.2683 	 66.0111 	 53.7181 	 -1.2
66.1051 	 65.2016 	 67.5024 	 -1.2
66.3691 	 65.0236 	 81.487 	 -1.2
65.8189 	 79.0095 	 67.1503 	 -1.2
66.8269 	 79.7723 	 81.4411 	 -1.2
80.6126 	 65.4449 	 67.4098 	 -1.2
80.3658 	 65.3325 	 81.5661 	 -1.2
80.3423 	 79.1119 	 67.1803 	 -1.2
80.731 	 79.2492 	 81.4662 	 -1.2
60.3176 	 61.7007 	 63.4812 	 -1.2
59.5008 	 60.5077 	 77.5875 	 -1.2
60.268 	 75.3674 	 63.8336 	 -1.2
60.2637 	 75.9301 	 78.0243 	 -1.2
74.6753 	 61.5864 	 63.6874 	 -1.2
74.6003 	 61.8382 	 77.8475 	 -1.2
74.442 	 75.5201 	 63.8084 	 -1.2
73.9322 	 75.1436 	 77.8212 	 -1.2
87.7683 	 74.8866 	 62.318 	 -1.2
88.6042 	 75.7685 	 77.4924 	 -1.2
60.0446 	 62.5934 	 71.4483 	 -1.2
60.6706 	 61.8298 	 84.7587 	 -1.2
59.7307 	 76.3821 	 57.7452 	 -1.2
60.0909 	 75.5917 	 69.9499 	 -1.2
61.2205 	 75.4702 	 83.4381 	 -1.2
74.7546 	 61.6892 	 56.2502 	 -1.2
73.7855 	 61.7365 	 69.9691 	 -1.2
74.3365 	 62.5686 	 84.1909 	 -1.2
74.6447 	 76.1673 	 56.1261 	 -1.2
73.7711 	 76.2004 	 71.0432 	 -1.2
73.6058 	 75.8525 	 83.8189 	 -1.2
74.7268 	 90.7569 	 72.2441 	 -1.2
90.3459 	 64.1711 	 67.3113 	 -1.2
88.0793 	 76.9713 	 70.6521 	 -1.2
59.4267 	 68.1362 	 63.1544 	 -1.2
59.9575 	 68.6652 	 77.1781 	 -1.2
59.1338 	 82.997 	 63.3824 	 -1.2
59.3843 	 83.1346 	 77.0963 	 -1.2
73.2479 	 54.2489 	 63.0014 	 -1.2
73.9758 	 54.0809 	 77.0499 	 -1.2
73.6825 	 68.6764 	 62.6777 	 -1.2
73.7181 	 69.2035 	 77.6129 	 -1.2
73.4545 	 83.1081 	 63.7061 	 -1.2
73.9038 	 83.0373 	 77.2631 	 -1.2
87.8714 	 69.4069 	 63.9574 	 -1.2
87.9865 	 68.8599 	 77.0146 	 -1.2
61.0679 	 69.9815 	 57.143 	 -1.2
60.0248 	 68.6446 	 71.3271 	 -1.2
59.8079 	 68.9116 	 85.1533 	 -1.2
60.2598 	 82.7389 	 70.5574 	 -1.2
73.3114 	 54.9093 	 72.819 	 -1.2
75.0473 	 68.827 	 57.108 	 -1.2
74.5854 	 68.6433 	 70.991 	 -1.2
73.6084 	 82.7803 	 57.2253 	 -1.2
75.021 	 82.3003 	 70.1962 	 -1.2
74.6208 	 83.0753 	 84.4039 	 -1.2
88.9246 	 68.5593 	 69.4182 	 -1.2
66.4897 	 61.1414 	 63.212 	 -1.2
67.8876 	 61.8529 	 77.507 	 -1.2
67.024 	 76.5142 	 63.8295 	 -1.2
66.4754 	 76.038 	 77.3992 	 -1.2
81.6214 	 61.8458 	 62.9455 	 -1.2
80.6267 	 61.9617 	 77.5699 	 -1.2
80.9411 	 76.3172 	 63.7476 	 -1.2
81.478 	 76.3182 	 77.1188 	 -1.2
53.8532 	 76.5736 	 69.6428 	 -1.2
67.0546 	 61.9726 	 56.657 	 -1.2
67.3732 	 62.0464 	 70.8733 	 -1.2
66.4809 	 61.2621 	 84.9062 	 -1.2
67.4817 	 74.8387 	 56.589 	 -1.2
67.2021 	 75.5568 	 70.951 	 -1.2
67.7292 	 76.6749 	 85.2938 	 -1.2
68.0894 	 88.7145 	 70.4398 	 -1.2
81.3336 	 61.6873 	 71.4286 	 -1.2
80.7651 	 63.1056 	 85.1702 	 -1.2
80.7375 	 75.2984 	 56.5478 	 -1.2
81.8422 	 75.3882 	 70.708 	 -1.2
81.5459 	 75.1389 	 84.9623 	 -1.2
52.3643 	 67.7031 	 78.0869 	 -1.2
66.9582 	 54.9874 	 64.0213 	 -1.2
68.3402 	 55.9446 	 77.6871 	 -1.2
67.574 	 68.476 	 63.8782 	 -1.2
66.6132 	 68.5634 	 78.038 	 -1.2
67.0539 	 82.264 	 63.831 	 -1.2
67.1161 	 82.8152 	 78.14 	 -1.2
81.5019 	 68.4642 	 63.4924 	 -1.2
81.3731 	 68.7851 	 78.2526 	 -1.2
80.9752 	 82.5345 	 63.7503 	 -1.2
81.6336 	 82.6576 	 77.7854 	 -1.2
52.7225 	 68.9532 	 71.1267 	 -1.2
66.0929 	 55.0786 	 70.9724 	 -1.2
66.6315 	 68.0806 	 55.5764 	 -1.2
66.4454 	 68.632 	 70.0583 	 -1.2
66.1607 	 67.8791 	 84.1844 	 -1.2
66.9053 	 82.8037 	 55.8099 	 -1.2
66.3354 	 82.8308 	 70.5547 	 -1.2
67.0199 	 83.3456 	 84.073 	 -1.2
80.5098 	 54.7515 	 69.7544 	 -1.2
81.2355 	 69.3284 	 56.1076 	 -1.2
80.7517 	 68.5277 	 69.8506 	 -1.2
81.099 	 69.6177 	 84.1544 	 -1.2
81.0205 	 83.5753 	 70.9449 	 -1.2
77.872 	 86.5703 	 82.1393 	 -1.2
62.425 	 61.8815 	 60.2272 	 -1.2
63.7738 	 62.8487 	 74.2478 	 -1.2
63.8689 	 76.3823 	 60.4083 	 -1.2
63.3791 	 76.2223 	 73.4699 	 -1.2
64.2352 	 76.2031 	 87.7624 	 -1.2
77.7526 	 62.2743 	 59.9633 	 -1.2
77.2143 	 62.0138 	 73.5537 	 -1.2
77.8212 	 76.1392 	 59.6505 	 -1.2
77.8787 	 76.2829 	 73.8211 	 -1.2
76.8497 	 75.8692 	 87.7072 	 -1.2
63.6495 	 61.1822 	 67.4847 	 -1.2
63.4445 	 61.8752 	 81.376 	 -1.2
63.85 	 75.9232 	 67.1348 	 -1.2
64.0618 	 75.5641 	 81.5596 	 -1.2
77.6727 	 62.1939 	 67.5424 	 -1.2
77.4721 	 61.4983 	 81.8585 	 -1.2
78.1562 	 72.7222 	 53.0804 	 -1.2
77.8823 	 75.7631 	 67.5009 	 -1.2
77.6232 	 75.4579 	 81.6493 	 -1.2
64.1256 	 55.134 	 75.4024 	 -1.2
64.3021 	 68.1809 	 59.9532 	 -1.2
63.5337 	 68.7887 	 74.469 	 -1.2
62.4822 	 69.0381 	 88.826 	 -1.2
64.188 	 82.8861 	 59.9576 	 -1.2
63.6716 	 82.6523 	 74.3651 	 -1.2
78.3413 	 55.5276 	 74.2387 	 -1.2
77.1327 	 68.9763 	 61.1254 	 -1.2
77.7943 	 68.6262 	 74.8828 	 -1.2
78.9231 	 67.4708 	 86.9545 	 -1.2
77.9345 	 82.5031 	 59.7824 	 -1.2
77.9019 	 82.5607 	 74.4668 	 -1.2
63.1634 	 55.0514 	 66.7497 	 -1.2
62.9715 	 69.0505 	 66.5481 	 -1.2
63.1487 	 69.3751 	 80.6606 	 -1.2
63.1568 	 83.6198 	 66.4611 	 -1.2
63.2733 	 83.211 	 80.2243 	 -1.2
77.043 	 55.0912 	 66.2001 	 -1.2
77.2856 	 68.974 	 66.4252 	 -1.2
77.4238 	 69.6455 	 80.9044 	 -1.2
77.5003 	 83.2989 	 67.1151 	 -1.2
77.0534 	 83.0897 	 80.9816 	 -1.2
55.6197 	 61.7044 	 74.3775 	 -1.2
56.9424 	 75.1756 	 60.0002 	 -1.2
56.6847 	 75.725 	 74.2522 	 -1.2
71.0471 	 60.8424 	 60.1992 	 -1.2
70.9323 	 62.0214 	 74.6953 	 -1.2
70.9761 	 76.0838 	 60.2126 	 -1.2
70.7336 	 75.362 	 74.4254 	 -1.2
71.1087 	 74.8684 	 87.983 	 -1.2
71.5475 	 89.5232 	 74.5067 	 -1.2
85.1294 	 61.9394 	 75.2256 	 -1.2
84.241 	 74.4925 	 60.1582 	 -1.2
84.6994 	 75.7655 	 74.9252 	 -1.2
57.3814 	 62.4953 	 66.3738 	 -1.2
56.0759 	 76.045 	 67.0731 	 -1.2
56.1466 	 75.6492 	 81.8896 	 -1.2
70.0187 	 62.2605 	 66.5185 	 -1.2
70.8316 	 63.3644 	 81.1248 	 -1.2
70.221 	 76.1048 	 53.9721 	 -1.2
70.3504 	 76.1329 	 67.4542 	 -1.2
70.1366 	 75.7289 	 81.0975 	 -1.2
69.1377 	 88.9686 	 68.0023 	 -1.2
84.4225 	 62.6802 	 66.8845 	 -1.2
82.9457 	 62.9705 	 81.1747 	 -1.2
84.494 	 75.8471 	 67.3236 	 -1.2
84.758 	 75.9831 	 81.3444 	 -1.2
55.4071 	 68.5551 	 59.9788 	 -1.2
56.6916 	 68.8664 	 73.6537 	 -1.2
55.9439 	 81.2175 	 73.8002 	 -1.2
69.8788 	 55.5561 	 73.7209 	 -1.2
70.1038 	 68.536 	 59.1663 	 -1.2
70.0781 	 68.961 	 73.7411 	 -1.2
70.2788 	 81.9418 	 59.7884 	 -1.2
70.1351 	 82.4782 	 74.0117 	 -1.2
83.7331 	 68.882 	 61.0837 	 -1.2
84.2262 	 68.8121 	 73.6889 	 -1.2
84.616 	 82.9076 	 74.3476 	 -1.2
57.0923 	 68.734 	 67.6733 	 -1.2
56.3662 	 69.3292 	 81.3473 	 -1.2
55.8326 	 82.4694 	 67.8395 	 -1.2
70.6064 	 54.333 	 68.4332 	 -1.2
70.4972 	 68.9111 	 55.3355 	 -1.2
71.0351 	 68.7561 	 67.6508 	 -1.2
71.0476 	 82.648 	 67.164 	 -1.2
70.4804 	 82.3303 	 81.7086 	 -1.2
84.1742 	 68.5543 	 67.8237 	 -1.2
84.4833 	 68.9495 	 82.1402 	 -1.2
84.2494 	 82.6277 	 68.0437 	 -1.2
63.5323 	 58.0794 	 63.9149 	 -1.2
63.7815 	 58.158 	 76.6099 	 -1.2
63.9925 	 71.8437 	 62.8618 	 -1.2
64.1075 	 72.9207 	 77.5624 	 -1.2
64.7569 	 86.6063 	 63.2442 	 -1.2
63.7754 	 86.2603 	 76.2221 	 -1.2
77.9569 	 57.6394 	 62.6457 	 -1.2
77.886 	 58.4227 	 77.0367 	 -1.2
77.974 	 72.276 	 62.6577 	 -1.2
77.526 	 71.9429 	 76.7144 	 -1.2
77.246 	 85.9556 	 62.5373 	 -1.2
77.5676 	 86.1263 	 77.307 	 -1.2
62.2684 	 58.0992 	 71.2438 	 -1.2
63.2253 	 72.357 	 56.4832 	 -1.2
62.9884 	 71.8363 	 70.499 	 -1.2
63.5498 	 71.8279 	 84.8088 	 -1.2
62.9883 	 85.9871 	 70.9238 	 -1.2
77.2308 	 58.1 	 70.5295 	 -1.2
77.0707 	 71.6772 	 56.8944 	 -1.2
76.8365 	 71.8904 	 70.7402 	 -1.2
76.2746 	 71.3323 	 84.456 	 -1.2
76.668 	 86.5503 	 70.8247 	 -1.2
91.4065 	 73.9085 	 69.1779 	 -1.2
62.9157 	 64.8702 	 63.7573 	 -1.2
63.2213 	 64.9047 	 77.3888 	 -1.2
62.6873 	 78.9484 	 63.1212 	 -1.2
62.7987 	 79.2697 	 78.1265 	 -1.2
77.136 	 64.6132 	 63.7006 	 -1.2
76.4755 	 65.0422 	 78.1766 	 -1.2
76.797 	 79.1935 	 63.5751 	 -1.2
76.9767 	 78.8727 	 78.1641 	 -1.2
62.996 	 65.3753 	 56.5725 	 -1.2
63.4496 	 65.0892 	 69.6437 	 -1.2
63.5097 	 65.5206 	 84.1184 	 -1.2
63.6937 	 76.7705 	 55.4249 	 -1.2
63.8742 	 79.5402 	 69.6395 	 -1.2
63.9252 	 79.1828 	 83.7553 	 -1.2
77.8485 	 65.0969 	 55.3162 	 -1.2
77.9773 	 65.1049 	 69.808 	 -1.2
77.5613 	 65.7043 	 83.7027 	 -1.2
77.2919 	 79.1053 	 55.4552 	 -1.2
78.064 	 78.6552 	 69.4184 	 -1.2
78.2898 	 79.31 	 84.1333 	 -1.2
55.7414 	 73.6282 	 64.9151 	 -1.2
56.4162 	 71.4909 	 76.5322 	 -1.2
69.7121 	 57.2493 	 63.8584 	 -1.2
70.6863 	 57.6864 	 77.1729 	 -1.2
70.0562 	 72.255 	 63.8035 	 -1.2
69.3273 	 71.9527 	 78.1732 	 -1.2
68.9765 	 85.2587 	 63.8999 	 -1.2
69.6611 	 85.5788 	 77.7519 	 -1.2
82.1842 	 58.899 	 78.0761 	 -1.2
83.3588 	 71.6007 	 64.2556 	 -1.2
83.6904 	 71.6461 	 77.6417 	 -1.2
57.1257 	 72.7392 	 70.7701 	 -1.2
59.414 	 72.8031 	 83.0407 	 -1.2
70.6945 	 58.2778 	 69.7466 	 -1.2
70.9946 	 59.5417 	 83.4631 	 -1.2
70.9279 	 71.4261 	 55.3943 	 -1.2
70.4246 	 71.5831 	 69.5373 	 -1.2
70.7635 	 85.2033 	 70.0114 	 -1.2
70.0962 	 85.1933 	 83.4802 	 -1.2
84.9413 	 60.0537 	 68.8589 	 -1.2
85.2627 	 71.6742 	 69.6741 	 -1.2
84.717 	 71.3107 	 83.5393 	 -1.2
56.0966 	 64.0478 	 62.534 	 -1.2
56.8563 	 65.3949 	 76.9424 	 -1.2
56.7448 	 78.7528 	 62.8547 	 -1.2
55.7993 	 78.7756 	 77.5183 	 -1.2
70.8898 	 64.9003 	 62.4884 	 -1.2
70.2371 	 65.0682 	 76.697 	 -1.2
69.9912 	 78.3639 	 62.96 	 -1.2
70.3659 	 79.0215 	 77.3865 	 -1.2
84.8121 	 64.5824 	 62.6003 	 -1.2
84.8175 	 65.0663 	 76.989 	 -1.2
84.4546 	 78.7219 	 63.0476 	 -1.2
84.4723 	 78.3329 	 76.9877 	 -1.2
55.6662 	 64.9741 	 70.7303 	 -1.2
56.1508 	 78.4217 	 70.4236 	 -1.2
70.4148 	 64.3846 	 56.1692 	 -1.2
69.8721 	 64.5731 	 70.4846 	 -1.2
69.8953 	 64.7851 	 85.4434 	 -1.2
68.9052 	 77.5739 	 55.9737 	 -1.2
69.7175 	 79.0522 	 70.6356 	 -1.2
69.8165 	 78.5037 	 85.1611 	 -1.2
84.0251 	 64.5336 	 71.1113 	 -1.2
82.6551 	 65.0873 	 84.82 	 -1.2
83.4251 	 78.8756 	 71.1523 	 -1.2
60.037 	 63.8704 	 61.852 	 -1.2
59.521 	 62.5248 	 75.7595 	 -1.2
59.7398 	 77.0262 	 61.7888 	 -1.2
59.8547 	 77.1762 	 75.7879 	 -1.2
74.158 	 62.6836 	 61.3654 	 -1.2
73.8236 	 63.1638 	 75.7474 	 -1.2
74.2764 	 77.0933 	 61.786 	 -1.2
74.0509 	 76.8439 	 75.6402 	 -1.2
72.1972 	 77.3054 	 88.1998 	 -1.2
87.2438 	 63.6552 	 75.6519 	 -1.2
89.163 	 77.8088 	 75.7324 	 -1.2
60.4427 	 64.39 	 69.3938 	 -1.2
60.4697 	 63.4897 	 82.699 	 -1.2
60.8874 	 77.7842 	 68.5315 	 -1.2
60.1281 	 77.7196 	 82.6004 	 -1.2
75.3019 	 64.2408 	 56.1454 	 -1.2
74.482 	 63.765 	 68.3669 	 -1.2
72.9845 	 63.9899 	 82.4056 	 -1.2
74.8398 	 78.3955 	 54.7029 	 -1.2
74.2617 	 77.7472 	 68.767 	 -1.2
74.5108 	 78.1455 	 82.7945 	 -1.2
88.2699 	 63.8598 	 68.9883 	 -1.2
87.7787 	 78.9998 	 68.7545 	 -1.2
60.2363 	 58.1405 	 76.8938 	 -1.2
60.12 	 69.772 	 61.3297 	 -1.2
61.0596 	 70.7702 	 75.8656 	 -1.2
59.6724 	 84.9449 	 75.0474 	 -1.2
73.3816 	 56.5524 	 61.7068 	 -1.2
74.3128 	 56.2994 	 75.4968 	 -1.2
73.8251 	 71.0445 	 61.4784 	 -1.2
73.8212 	 71.2036 	 75.8923 	 -1.2
73.7766 	 84.1438 	 61.3381 	 -1.2
73.8594 	 85.0837 	 75.54 	 -1.2
88.0036 	 71.6557 	 62.423 	 -1.2
88.1678 	 71.1866 	 75.5612 	 -1.2
60.5467 	 55.8916 	 67.2128 	 -1.2
59.8117 	 69.8263 	 68.985 	 -1.2
60.0178 	 70.2573 	 82.9646 	 -1.2
60.2105 	 84.0906 	 68.2452 	 -1.2
74.3196 	 56.3463 	 68.4997 	 -1.2
73.7049 	 56.0602 	 82.241 	 -1.2
74.1725 	 70.2904 	 55.2382 	 -1.2
74.2167 	 70.0922 	 68.8704 	 -1.2
74.0851 	 83.9024 	 68.2568 	 -1.2
73.4998 	 84.7001 	 82.4551 	 -1.2
87.9777 	 70.3947 	 68.4992 	 -1.2
66.988 	 63.2634 	 61.6421 	 -1.2
67.7178 	 63.9413 	 75.8968 	 -1.2
67.3726 	 77.4088 	 61.2337 	 -1.2
67.3215 	 78.135 	 76.1292 	 -1.2
81.2526 	 63.5731 	 60.8083 	 -1.2
80.754 	 64.2398 	 76.0729 	 -1.2
81.2477 	 78.0184 	 61.7237 	 -1.2
80.3979 	 77.3602 	 74.8716 	 -1.2
51.9595 	 77.5747 	 68.981 	 -1.2
66.7453 	 64.5596 	 55.8222 	 -1.2
66.8178 	 62.8971 	 68.4897 	 -1.2
66.3637 	 62.5852 	 82.6557 	 -1.2
67.5157 	 76.1283 	 54.3354 	 -1.2
66.7561 	 77.2402 	 68.8003 	 -1.2
66.7863 	 77.9037 	 83.2949 	 -1.2
80.8371 	 63.637 	 69.4646 	 -1.2
81.0639 	 63.2189 	 82.7418 	 -1.2
81.3469 	 77.1509 	 68.6889 	 -1.2
81.0608 	 76.8565 	 82.7903 	 -1.2
51.8177 	 71.4327 	 74.1158 	 -1.2
66.6886 	 55.5947 	 61.3527 	 -1.2
66.5069 	 56.1293 	 75.2036 	 -1.2
67.132 	 70.3144 	 62.0994 	 -1.2
66.5055 	 69.5536 	 75.6884 	 -1.2
66.6266 	 68.6858 	 88.8103 	 -1.2
67.3202 	 83.0862 	 61.3228 	 -1.2
67.0704 	 84.1411 	 75.9125 	 -1.2
81.0747 	 55.3892 	 74.9036 	 -1.2
80.5601 	 69.6795 	 61.3579 	 -1.2
80.6309 	 69.9943 	 75.9696 	 -1.2
81.0255 	 84.2527 	 61.9012 	 -1.2
80.7129 	 83.5598 	 75.1053 	 -1.2
53.8586 	 70.9916 	 69.4239 	 -1.2
66.7289 	 57.1659 	 69.3919 	 -1.2
67.4043 	 56.4696 	 83.0352 	 -1.2
67.494 	 70.7185 	 54.7476 	 -1.2
67.1383 	 70.8231 	 68.6115 	 -1.2
67.5467 	 84.5101 	 68.9052 	 -1.2
67.0986 	 85.5252 	 82.5298 	 -1.2
81.521 	 56.6606 	 67.9738 	 -1.2
80.1799 	 71.9166 	 54.6993 	 -1.2
81.2631 	 71.023 	 69.0418 	 -1.2
80.2394 	 71.1228 	 82.2434 	 -1.2
81.3241 	 85.1058 	 68.8479 	 -1.2
59.5289 	 60.2647 	 72.8398 	 -1.2
59.608 	 73.895 	 58.6412 	 -1.2
59.4776 	 74.4418 	 72.3921 	 -1.2
60.1408 	 76.3792 	 85.1425 	 -1.2
73.9787 	 59.7247 	 58.006 	 -1.2
73.1815 	 60.1705 	 71.9412 	 -1.2
75.5318 	 64.6066 	 86.2399 	 -1.2
73.4271 	 74.4826 	 57.7796 	 -1.2
73.3081 	 74.2812 	 72.8829 	 -1.2
72.5903 	 89.222 	 71.841 	 -1.2
86.2582 	 63.0402 	 70.746 	 -1.2
87.424 	 74.7371 	 72.1389 	 -1.2
59.3637 	 60.3542 	 65.4452 	 -1.2
60.3485 	 59.2013 	 79.6673 	 -1.2
60.1859 	 73.3059 	 65.3772 	 -1.2
59.5791 	 73.7529 	 79.1877 	 -1.2
73.9528 	 59.4369 	 64.8615 	 -1.2
73.6004 	 60.1034 	 79.2323 	 -1.2
74.3887 	 73.8181 	 65.8029 	 -1.2
74.5703 	 73.4834 	 79.2196 	 -1.2
73.6285 	 88.0734 	 65.1495 	 -1.2
73.3469 	 88.3322 	 78.7817 	 -1.2
87.4507 	 73.281 	 64.1914 	 -1.2
87.7916 	 73.5164 	 78.7988 	 -1.2
59.7325 	 67.6952 	 57.7078 	 -1.2
59.9087 	 66.2129 	 72.3503 	 -1.2
61.1454 	 67.3083 	 87.2582 	 -1.2
57.8062 	 78.0792 	 57.0224 	 -1.2
60.2826 	 80.7522 	 72.2842 	 -1.2
73.8816 	 52.8782 	 72.3772 	 -1.2
74.3808 	 66.521 	 58.1209 	 -1.2
74.2133 	 66.3992 	 72.1866 	 -1.2
74.0681 	 66.6391 	 86.4294 	 -1.2
74.3169 	 80.5076 	 58.1499 	 -1.2
74.2969 	 80.4234 	 71.9487 	 -1.2
73.5655 	 81.1022 	 85.5841 	 -1.2
88.3541 	 66.9045 	 71.3389 	 -1.2
87.7914 	 78.8144 	 73.6986 	 -1.2
59.7922 	 66.2424 	 65.0636 	 -1.2
59.1401 	 67.0662 	 79.0752 	 -1.2
59.0067 	 81.2135 	 65.4211 	 -1.2
59.1888 	 81.471 	 79.4039 	 -1.2
72.2487 	 53.7093 	 65.4337 	 -1.2
73.022 	 67.2157 	 64.8755 	 -1.2
73.804 	 67.3004 	 79.4164 	 -1.2
73.5597 	 81.097 	 65.2532 	 -1.2
72.9959 	 81.0498 	 78.8037 	 -1.2
87.2025 	 66.9435 	 65.0473 	 -1.2
86.2503 	 67.3363 	 78.3161 	 -1.2
52.6521 	 75.5431 	 71.1935 	 -1.2
66.5177 	 60.0375 	 58.38 	 -1.2
67.0609 	 59.9513 	 72.0787 	 -1.2
68.4829 	 61.0448 	 86.9695 	 -1.2
67.7476 	 73.463 	 58.753 	 -1.2
66.9739 	 73.3074 	 72.4982 	 -1.2
68.0577 	 72.8599 	 87.7808 	 -1.2
67.2881 	 88.0804 	 72.9472 	 -1.2
81.3181 	 59.5603 	 73.0595 	 -1.2
80.8473 	 74.2584 	 58.7409 	 -1.2
81.6207 	 73.2533 	 72.1137 	 -1.2
80.5516 	 73.1795 	 86.2945 	 -1.2
79.8458 	 88.7355 	 73.7055 	 -1.2
66.443 	 59.1366 	 65.0263 	 -1.2
67.0172 	 60.3332 	 79.4242 	 -1.2
66.0748 	 74.144 	 64.996 	 -1.2
66.4355 	 74.0388 	 79.3656 	 -1.2
65.7415 	 87.8251 	 65.2877 	 -1.2
67.4019 	 88.0962 	 79.8599 	 -1.2
80.4543 	 60.0619 	 64.5423 	 -1.2
80.1729 	 60.0039 	 78.9998 	 -1.2
80.2018 	 74.6993 	 65.8669 	 -1.2
80.7494 	 74.8705 	 79.1567 	 -1.2
54.4398 	 66.8722 	 72.4833 	 -1.2
66.5959 	 52.4964 	 71.8315 	 -1.2
66.7967 	 66.5974 	 58.019 	 -1.2
66.5641 	 67.2654 	 72.5136 	 -1.2
66.2871 	 66.6163 	 86.4166 	 -1.2
66.4857 	 81.0606 	 57.7785 	 -1.2
66.728 	 81.491 	 72.8573 	 -1.2
67.3538 	 81.9164 	 86.3184 	 -1.2
80.0263 	 67.9352 	 58.0336 	 -1.2
80.4348 	 67.2318 	 72.1271 	 -1.2
81.3294 	 67.9065 	 86.0392 	 -1.2
80.65 	 80.865 	 57.6223 	 -1.2
80.1275 	 81.6797 	 72.5313 	 -1.2
55.1138 	 64.6548 	 66.2557 	 -1.2
67.285 	 66.5644 	 65.5439 	 -1.2
67.1772 	 66.9432 	 79.7601 	 -1.2
67.2176 	 80.4751 	 65.6823 	 -1.2
67.047 	 80.3142 	 78.9659 	 -1.2
81.3652 	 66.3555 	 64.9724 	 -1.2
81.2589 	 66.5549 	 79.3902 	 -1.2
81.262 	 80.3862 	 65.1707 	 -1.2
81.6609 	 80.7087 	 79.548 	 -1.2
62.9634 	 60.0223 	 62.1174 	 -1.2
63.5891 	 60.7142 	 75.7 	 -1.2
63.5006 	 73.9379 	 61.4084 	 -1.2
63.3476 	 75.0016 	 75.83 	 -1.2
62.7846 	 88.6326 	 75.9682 	 -1.2
77.6354 	 59.8214 	 61.2043 	 -1.2
77.1851 	 60.5845 	 75.6849 	 -1.2
77.0728 	 74.7263 	 61.7757 	 -1.2
77.6832 	 73.9598 	 74.9692 	 -1.2
76.9353 	 74.6346 	 90.0141 	 -1.2
75.6061 	 87.7981 	 76.9999 	 -1.2
63.2005 	 59.44 	 69.2699 	 -1.2
62.3976 	 59.5132 	 81.5039 	 -1.2
62.8173 	 74.274 	 54.7973 	 -1.2
62.9309 	 73.9837 	 68.8493 	 -1.2
63.8022 	 73.8412 	 83.4763 	 -1.2
63.5804 	 87.8448 	 69.3757 	 -1.2
77.606 	 60.1687 	 69.092 	 -1.2
77.4999 	 59.5426 	 83.5423 	 -1.2
78.2266 	 73.5789 	 55.5722 	 -1.2
77.2024 	 74.2605 	 69.6327 	 -1.2
77.2999 	 73.1715 	 82.7964 	 -1.2
76.5054 	 87.4817 	 68.3316 	 -1.2
63.7601 	 66.7775 	 62.1348 	 -1.2
62.3971 	 66.6214 	 75.6197 	 -1.2
62.8631 	 80.932 	 61.5208 	 -1.2
63.0447 	 80.8414 	 76.0821 	 -1.2
77.0803 	 66.5668 	 62.1542 	 -1.2
77.4404 	 66.4294 	 76.1808 	 -1.2
77.272 	 80.7996 	 61.6109 	 -1.2
77.3318 	 80.6418 	 76.2381 	 -1.2
64.2223 	 67.1726 	 55.1679 	 -1.2
63.3499 	 67.5837 	 68.5495 	 -1.2
63.6922 	 67.9732 	 83.1035 	 -1.2
63.4813 	 81.9385 	 68.605 	 -1.2
63.7967 	 81.5395 	 82.3471 	 -1.2
79.0297 	 53.345 	 65.8372 	 -1.2
77.7344 	 67.4576 	 54.2471 	 -1.2
78.0147 	 67.3579 	 68.3899 	 -1.2
76.9194 	 67.3331 	 81.9738 	 -1.2
77.8762 	 81.252 	 68.5303 	 -1.2
77.929 	 81.7453 	 82.9276 	 -1.2
56.1577 	 73.5923 	 62.185 	 -1.2
55.8304 	 73.9578 	 75.8507 	 -1.2
70.8349 	 58.9582 	 61.9721 	 -1.2
70.2037 	 59.8606 	 75.9568 	 -1.2
70.3674 	 74.226 	 61.9197 	 -1.2
70.1114 	 73.5162 	 76.2465 	 -1.2
70.6561 	 72.4923 	 87.7131 	 -1.2
69.9446 	 86.9327 	 62.9576 	 -1.2
70.5552 	 87.5161 	 75.9182 	 -1.2
84.1788 	 59.6338 	 76.3289 	 -1.2
83.654 	 73.5531 	 62.6349 	 -1.2
84.3886 	 73.4281 	 75.8438 	 -1.2
56.2386 	 63.0221 	 68.3444 	 -1.2
57.044 	 74.7179 	 69.0031 	 -1.2
57.0226 	 73.4398 	 83.209 	 -1.2
66.6616 	 63.2036 	 54.1235 	 -1.2
70.6252 	 60.5602 	 68.3436 	 -1.2
69.5224 	 60.8258 	 82.3929 	 -1.2
71.4493 	 74.0175 	 54.8795 	 -1.2
70.6661 	 74.1827 	 69.0265 	 -1.2
70.6898 	 87.8646 	 69.5176 	 -1.2
83.2932 	 61.4826 	 68.6233 	 -1.2
85.5489 	 73.917 	 68.4221 	 -1.2
84.5434 	 73.8731 	 82.9155 	 -1.2
56.4708 	 66.5103 	 61.4905 	 -1.2
56.9547 	 67.9744 	 76.0741 	 -1.2
56.7659 	 80.8015 	 76.0605 	 -1.2
69.3693 	 54.1855 	 75.8414 	 -1.2
70.4028 	 67.2559 	 61.4225 	 -1.2
70.7691 	 67.4686 	 75.7114 	 -1.2
73.7333 	 67.3802 	 88.6452 	 -1.2
70.8585 	 80.5343 	 61.769 	 -1.2
71.1402 	 81.0856 	 75.8135 	 -1.2
85.2374 	 66.9368 	 61.3639 	 -1.2
85.1838 	 67.1047 	 75.4447 	 -1.2
85.3832 	 80.8211 	 62.031 	 -1.2
84.4761 	 80.3077 	 75.1516 	 -1.2
56.1653 	 66.4158 	 68.6463 	 -1.2
55.6191 	 67.3667 	 82.915 	 -1.2
56.1382 	 80.8594 	 69.9243 	 -1.2
71.5608 	 53.5292 	 71.072 	 -1.2
70.9483 	 66.4661 	 54.5672 	 -1.2
70.3344 	 66.7627 	 69.2056 	 -1.2
70.6135 	 65.2577 	 83.0147 	 -1.2
70.6069 	 79.308 	 56.0605 	 -1.2
70.1634 	 80.9285 	 68.8994 	 -1.2
70.7891 	 80.5147 	 83.5402 	 -1.2
84.4431 	 66.7997 	 69.6316 	 -1.2
84.7595 	 66.5158 	 83.2706 	 -1.2
84.2342 	 80.8602 	 69.942 	 -1.2
62.7728 	 63.072 	 57.8834 	 -1.2
62.9702 	 63.8307 	 71.9967 	 -1.2
64.5432 	 64.8289 	 86.4855 	 -1.2
63.6264 	 77.1764 	 58.0453 	 -1.2
62.9808 	 78.252 	 71.7888 	 -1.2
63.657 	 78.6058 	 86.3666 	 -1.2
77.6006 	 63.4571 	 57.7103 	 -1.2
76.733 	 63.8454 	 71.7085 	 -1.2
78.1454 	 64.5877 	 85.9964 	 -1.2
76.9646 	 77.647 	 57.5708 	 -1.2
77.1969 	 77.5077 	 71.6489 	 -1.2
77.3184 	 77.7978 	 86.1124 	 -1.2
63.6443 	 63.1923 	 65.7438 	 -1.2
63.5849 	 63.0144 	 79.0422 	 -1.2
63.8991 	 77.061 	 64.6225 	 -1.2
63.7293 	 77.0035 	 79.2746 	 -1.2
77.947 	 62.4069 	 64.8627 	 -1.2
77.2098 	 63.1794 	 79.8931 	 -1.2
77.9112 	 77.401 	 65.2773 	 -1.2
78.2378 	 77.2069 	 79.7359 	 -1.2
63.4471 	 56.6188 	 73.2133 	 -1.2
64.1401 	 70.3872 	 58.2111 	 -1.2
63.8274 	 69.8481 	 71.9928 	 -1.2
63.703 	 71.0025 	 87.2752 	 -1.2
64.0933 	 84.2372 	 72.2938 	 -1.2
78.009 	 55.8601 	 71.7058 	 -1.2
77.7929 	 70.2552 	 58.9884 	 -1.2
77.7316 	 70.1739 	 72.6208 	 -1.2
77.4098 	 69.5638 	 86.0746 	 -1.2
77.6851 	 84.3226 	 57.6916 	 -1.2
77.5302 	 84.3293 	 72.2846 	 -1.2
62.3102 	 55.9384 	 64.6299 	 -1.2
62.9983 	 57.1632 	 78.8402 	 -1.2
62.5569 	 70.4567 	 64.5039 	 -1.2
62.6942 	 71.0554 	 78.7387 	 -1.2
63.1051 	 84.578 	 64.0525 	 -1.2
62.8796 	 85.2284 	 78.5393 	 -1.2
76.4681 	 56.4789 	 64.2422 	 -1.2
77.114 	 56.4994 	 78.6319 	 -1.2
77.155 	 70.6291 	 64.5257 	 -1.2
76.976 	 71.4812 	 79.2442 	 -1.2
77.3675 	 84.6184 	 64.8726 	 -1.2
76.7469 	 84.0515 	 78.5853 	 -1.2
56.5688 	 63.001 	 72.3574 	 -1.2
57.5841 	 77.019 	 72.1389 	 -1.2
70.963 	 62.8311 	 58.3795 	 -1.2
71.0618 	 63.0634 	 72.2381 	 -1.2
70.6208 	 63.0042 	 87.0328 	 -1.2
71.1529 	 77.3772 	 57.826 	 -1.2
70.4223 	 76.9037 	 72.1475 	 -1.2
71.181 	 76.5522 	 85.9707 	 -1.2
84.992 	 63.4079 	 73.155 	 -1.2
85.6341 	 76.4349 	 59.2214 	 -1.2
84.9618 	 77.1614 	 72.5193 	 -1.2
56.2278 	 61.9427 	 64.1009 	 -1.2
55.6359 	 63.5048 	 78.0597 	 -1.2
55.5729 	 77.2105 	 64.9107 	 -1.2
56.3967 	 76.7143 	 79.4474 	 -1.2
69.7637 	 63.2788 	 64.2169 	 -1.2
70.0104 	 63.9323 	 78.9341 	 -1.2
70.2257 	 77.1592 	 65.2035 	 -1.2
70.4354 	 77.1648 	 79.4318 	 -1.2
83.393 	 63.7792 	 64.816 	 -1.2
83.5882 	 63.6917 	 78.7008 	 -1.2
84.9064 	 77.3361 	 65.2849 	 -1.2
84.9168 	 77.7619 	 79.4415 	 -1.2
56.3514 	 71.0692 	 72.4908 	 -1.2
69.9287 	 56.3576 	 71.2641 	 -1.2
69.9366 	 70.5877 	 57.6814 	 -1.2
70.1557 	 70.7298 	 71.9302 	 -1.2
71.1832 	 83.5458 	 58.0801 	 -1.2
70.8372 	 84.253 	 72.3115 	 -1.2
91.6719 	 51.5207 	 85.4873 	 -1.2
84.9803 	 68.8375 	 59.3214 	 -1.2
84.3398 	 70.767 	 72.0186 	 -1.2
84.444 	 84.2203 	 72.0043 	 -1.2
56.6802 	 69.733 	 65.2074 	 -1.2
56.5955 	 70.0514 	 78.8463 	 -1.2
70.4762 	 55.9696 	 66.1861 	 -1.2
70.6575 	 55.8301 	 78.9671 	 -1.2
71.0375 	 70.3056 	 65.4884 	 -1.2
70.4087 	 71.188 	 79.9509 	 -1.2
71.044 	 84.3077 	 64.9736 	 -1.2
70.7216 	 83.84 	 79.5401 	 -1.2
84.9368 	 70.0368 	 65.6974 	 -1.2
84.6152 	 70.0932 	 79.5116 	 -1.2
85.3865 	 82.4112 	 65.9336 	 -1.2
57.6329 	 71.5393 	 71.6166 	 2.4
58.2402 	 72.8085 	 84.1904 	 2.4
59.7337 	 86.1701 	 71.0829 	 2.4
71.2819 	 57.1751 	 70.758 	 2.4
71.3292 	 70.92 	 57.0274 	 2.4
71.2476 	 71.1057 	 70.7889 	 2.4
71.858 	 84.8026 	 71.1287 	 2.4
70.6174 	 84.2137 	 84.4884 	 2.4
85.6457 	 71.2048 	 71.1961 	 2.4
57.2669 	 70.8692 	 64.1264 	 2.4
57.25 	 71.0838 	 77.8331 	 2.4
70.8998 	 56.7251 	 64.8403 	 2.4
71.5688 	 57.0411 	 78.3935 	 2.4
71.3194 	 71.3216 	 64.3212 	 2.4
71.0039 	 71.7549 	 78.5577 	 2.4
70.6855 	 85.7517 	 63.9984 	 2.4
71.0475 	 85.0535 	 78.5398 	 2.4
84.8647 	 71.3089 	 64.7224 	 2.4
85.0483 	 71.2454 	 78.4667 	 2.4
56.8267 	 64.4331 	 71.638 	 2.4
57.6402 	 78.2506 	 71.0752 	 2.4
71.5124 	 63.8387 	 57.1999 	 2.4
71.2832 	 64.253 	 71.1914 	 2.4
71.1834 	 64.3926 	 86.32 	 2.4
71.6852 	 78.734 	 57.1676 	 2.4
70.8865 	 78.1197 	 71.1356 	 2.4
71.375 	 77.9866 	 85.1921 	 2.4
85.4338 	 64.0269 	 71.7074 	 2.4
84.943 	 78.4977 	 71.5774 	 2.4
57.004 	 62.8425 	 63.0014 	 2.4
56.9903 	 64.2127 	 78.0778 	 2.4
56.9598 	 77.9563 	 64.1443 	 2.4
56.8552 	 78.0728 	 78.5623 	 2.4
71.2123 	 63.9136 	 63.7226 	 2.4
71.0779 	 64.2922 	 77.797 	 2.4
71.0656 	 77.8276 	 63.9532 	 2.4
71.2539 	 77.9631 	 78.1411 	 2.4
84.8708 	 63.8112 	 64.0386 	 2.4
85.0855 	 64.1095 	 78.339 	 2.4
85.5382 	 78.382 	 64.1982 	 2.4
85.6259 	 78.2922 	 78.1601 	 2.4
63.6561 	 57.43 	 71.7824 	 2.4
64.4774 	 71.4442 	 57.0442 	 2.4
64.1884 	 71.2823 	 71.447 	 2.4
64.524 	 71.2543 	 85.965 	 2.4
64.3526 	 85.5043 	 71.3579 	 2.4
78.5033 	 57.1709 	 70.9408 	 2.4
78.218 	 71.3991 	 57.9764 	 2.4
78.1768 	 71.1133 	 71.3431 	 2.4
77.5625 	 71.0913 	 85.3998 	 2.4
77.9548 	 85.7746 	 71.5949 	 2.4
63.195 	 56.5458 	 63.4741 	 2.4
64.2844 	 57.3422 	 78.0004 	 2.4
64.1228 	 70.7843 	 64.0425 	 2.4
64.1598 	 71.4526 	 78.2942 	 2.4
64.5932 	 85.1029 	 63.6439 	 2.4
64.1157 	 85.8122 	 77.7012 	 2.4
78.0872 	 56.9758 	 64.1331 	 2.4
78.4692 	 57.1619 	 77.83 	 2.4
78.4195 	 71.4364 	 63.9913 	 2.4
78.1509 	 71.4906 	 78.1052 	 2.4
78.2728 	 85.1024 	 63.5404 	 2.4
78.0834 	 84.9206 	 78.1924 	 2.4
63.8148 	 63.9594 	 57.0626 	 2.4
64.0979 	 64.3977 	 70.9436 	 2.4
64.5902 	 64.521 	 84.8415 	 2.4
64.4431 	 77.5054 	 56.6844 	 2.4
64.3117 	 78.6684 	 70.9422 	 2.4
63.908 	 79.7011 	 85.3034 	 2.4
78.3415 	 64.5941 	 56.8159 	 2.4
78.1762 	 64.1373 	 71.0556 	 2.4
78.7019 	 64.9449 	 84.4698 	 2.4
78.0855 	 78.1092 	 56.4999 	 2.4
78.4911 	 78.1216 	 70.8863 	 2.4
78.6879 	 78.304 	 85.3845 	 2.4
64.1379 	 64.2111 	 64.5922 	 2.4
64.3943 	 64.1831 	 78.2479 	 2.4
64.1046 	 78.4178 	 63.7173 	 2.4
64.0005 	 78.4912 	 78.7016 	 2.4
78.4641 	 63.7533 	 64.1184 	 2.4
77.7647 	 64.2195 	 78.7797 	 2.4
78.1206 	 78.7507 	 64.419 	 2.4
78.4721 	 78.3469 	 78.5442 	 2.4
56.6953 	 60.6675 	 74.8934 	 2.4
57.2953 	 74.0317 	 61.0542 	 2.4
57.1982 	 74.6261 	 75.272 	 2.4
71.8357 	 59.8254 	 61.1668 	 2.4
71.4032 	 60.5646 	 75.2603 	 2.4
71.4492 	 74.7066 	 60.879 	 2.4
71.199 	 74.0229 	 75.1647 	 2.4
71.7036 	 73.5964 	 87.2241 	 2.4
71.8714 	 88.1291 	 75.2416 	 2.4
85.3782 	 60.1882 	 75.4725 	 2.4
84.7568 	 74.2149 	 61.6713 	 2.4
85.5567 	 74.4681 	 75.4856 	 2.4
57.6501 	 62.2411 	 67.9183 	 2.4
57.4745 	 75.3983 	 67.4943 	 2.4
57.3904 	 74.7325 	 82.3951 	 2.4
71.2741 	 61.4986 	 67.2256 	 2.4
71.1573 	 60.8296 	 82.4899 	 2.4
71.6029 	 75.386 	 53.9427 	 2.4
71.4403 	 75.0981 	 67.8985 	 2.4
71.551 	 76.299 	 80.5426 	 2.4
70.82 	 89.1103 	 68.3225 	 2.4
84.9335 	 61.3553 	 67.8087 	 2.4
85.9487 	 75.3074 	 67.6832 	 2.4
85.6603 	 74.9247 	 82.2022 	 2.4
56.6727 	 67.6739 	 60.3292 	 2.4
57.7554 	 68.5328 	 74.8119 	 2.4
57.0615 	 81.752 	 74.7997 	 2.4
70.6109 	 54.5599 	 74.7859 	 2.4
71.1522 	 68.0217 	 60.2225 	 2.4
71.3455 	 68.3635 	 74.4761 	 2.4
71.42 	 81.8219 	 60.9083 	 2.4
71.5583 	 81.9833 	 74.5738 	 2.4
85.357 	 68.4431 	 60.9102 	 2.4
85.5974 	 68.2699 	 74.3902 	 2.4
85.4026 	 81.662 	 74.9873 	 2.4
57.5064 	 67.2926 	 68.4207 	 2.4
56.8447 	 68.0714 	 82.3078 	 2.4
56.9078 	 81.6985 	 68.6447 	 2.4
71.4983 	 53.196 	 69.3485 	 2.4
71.6584 	 67.8343 	 54.6853 	 2.4
71.5146 	 67.3532 	 68.366 	 2.4
71.5207 	 64.657 	 81.8359 	 2.4
71.4759 	 81.3135 	 67.9617 	 2.4
71.6086 	 81.289 	 82.286 	 2.4
85.1686 	 67.3946 	 68.3812 	 2.4
85.647 	 67.6273 	 82.4766 	 2.4
85.1014 	 81.5614 	 68.8637 	 2.4
63.5287 	 61.0223 	 60.9348 	 2.4
64.6035 	 61.5644 	 74.7575 	 2.4
64.5956 	 74.9673 	 60.8075 	 2.4
64.2877 	 75.6092 	 74.6047 	 2.4
64.6407 	 75.1905 	 88.8868 	 2.4
78.4844 	 60.9388 	 60.3276 	 2.4
78.1735 	 61.2454 	 74.5618 	 2.4
78.2913 	 75.4857 	 61.0323 	 2.4
78.6952 	 75.1073 	 74.4966 	 2.4
77.6104 	 74.855 	 88.7158 	 2.4
64.397 	 60.0159 	 68.3565 	 2.4
63.7937 	 60.2752 	 81.7267 	 2.4
63.8484 	 75.4751 	 54.3228 	 2.4
64.1741 	 74.6404 	 68.1006 	 2.4
64.8933 	 74.568 	 82.5725 	 2.4
64.9714 	 87.6062 	 68.6429 	 2.4
78.595 	 61.024 	 68.1463 	 2.4
78.4621 	 60.2202 	 82.351 	 2.4
79.1886 	 73.1059 	 54.2017 	 2.4
78.3989 	 74.6496 	 68.5503 	 2.4
78.4363 	 74.2222 	 82.2879 	 2.4
76.8685 	 86.8944 	 66.8988 	 2.4
64.9138 	 67.1071 	 61.0005 	 2.4
63.7228 	 67.359 	 75.1058 	 2.4
62.4988 	 67.7091 	 87.9915 	 2.4
64.1675 	 81.3765 	 60.7006 	 2.4
64.2889 	 81.5192 	 75.3201 	 2.4
78.0267 	 67.731 	 61.6415 	 2.4
78.6039 	 67.3218 	 75.5318 	 2.4
80.3162 	 66.7866 	 86.5022 	 2.4
78.5404 	 81.2864 	 60.6539 	 2.4
78.5109 	 81.354 	 75.3769 	 2.4
64.7315 	 55.2527 	 66.8874 	 2.4
65.5865 	 67.3617 	 54.3721 	 2.4
64.0866 	 68.5224 	 67.4859 	 2.4
64.234 	 68.5967 	 81.5142 	 2.4
64.1678 	 82.6802 	 67.3058 	 2.4
64.324 	 82.6346 	 81.2701 	 2.4
78.6466 	 54.8384 	 66.1169 	 2.4
77.6756 	 69.0047 	 54.3213 	 2.4
78.4939 	 68.234 	 67.1404 	 2.4
78.15 	 68.3433 	 81.5181 	 2.4
78.7445 	 82.4779 	 67.8642 	 2.4
78.4638 	 82.6141 	 81.6969 	 2.4
60.6068 	 61.0937 	 71.9944 	 2.4
60.5765 	 74.9855 	 57.9991 	 2.4
60.5731 	 75.0851 	 71.4245 	 2.4
61.4006 	 75.298 	 85.0445 	 2.4
75.1217 	 60.7769 	 57.4693 	 2.4
74.3445 	 61.0815 	 71.3137 	 2.4
75.1802 	 61.7819 	 85.3881 	 2.4
74.8186 	 75.2108 	 57.3972 	 2.4
74.433 	 75.0666 	 71.9797 	 2.4
74.4956 	 74.8406 	 84.6086 	 2.4
74.3084 	 89.3521 	 71.7844 	 2.4
88.5684 	 75.8536 	 71.7165 	 2.4
60.699 	 60.5872 	 64.5511 	 2.4
60.4973 	 59.3259 	 78.0429 	 2.4
61.1366 	 74.2859 	 64.5347 	 2.4
60.8556 	 74.5712 	 78.6501 	 2.4
75.2896 	 60.2718 	 64.4148 	 2.4
75.0489 	 60.4929 	 78.5435 	 2.4
75.3523 	 74.3827 	 64.596 	 2.4
75.5047 	 74.4667 	 78.3651 	 2.4
75.0121 	 87.6682 	 64.5598 	 2.4
74.0672 	 87.4918 	 77.5083 	 2.4
87.5112 	 73.2225 	 62.557 	 2.4
87.9955 	 74.2632 	 77.3763 	 2.4
60.4316 	 68.5889 	 56.5569 	 2.4
60.8712 	 67.2763 	 71.6125 	 2.4
61.0247 	 68.105 	 85.8376 	 2.4
61.1327 	 81.5709 	 71.1656 	 2.4
74.7372 	 54.2634 	 72.217 	 2.4
75.6448 	 67.3458 	 57.6355 	 2.4
75.402 	 67.3579 	 71.5937 	 2.4
75.3406 	 66.1573 	 85.573 	 2.4
74.8682 	 81.7511 	 57.1584 	 2.4
75.5756 	 81.2043 	 71.2452 	 2.4
75.1226 	 81.795 	 85.3547 	 2.4
89.4914 	 67.0613 	 70.1689 	 2.4
60.341 	 67.5483 	 64.3348 	 2.4
60.3296 	 67.7967 	 78.5029 	 2.4
59.9988 	 82.0359 	 64.3255 	 2.4
60.0149 	 82.437 	 78.4248 	 2.4
73.1308 	 54.5694 	 64.5918 	 2.4
74.5655 	 53.4497 	 78.4178 	 2.4
74.1769 	 68.0421 	 64.1139 	 2.4
74.7135 	 68.4499 	 78.6807 	 2.4
74.5134 	 82.2366 	 64.5322 	 2.4
74.2567 	 82.0213 	 78.4074 	 2.4
87.9944 	 68.3413 	 65.098 	 2.4
87.6906 	 67.3812 	 77.5882 	 2.4
54.2822 	 75.5987 	 70.9814 	 2.4
67.764 	 60.6668 	 57.4999 	 2.4
68.2684 	 60.9303 	 71.5989 	 2.4
68.0189 	 60.9032 	 85.3606 	 2.4
68.5403 	 74.3711 	 57.7129 	 2.4
67.9722 	 74.2196 	 71.5788 	 2.4
68.5454 	 88.2786 	 71.9378 	 2.4
82.3389 	 60.5527 	 72.2532 	 2.4
81.8849 	 74.5203 	 57.4734 	 2.4
82.6825 	 74.2191 	 71.5034 	 2.4
81.791 	 73.6901 	 85.5227 	 2.4
54.2164 	 73.6682 	 65.5409 	 2.4
55.1878 	 72.7695 	 79.1019 	 2.4
67.3946 	 60.089 	 64.1809 	 2.4
68.3345 	 60.6731 	 78.5321 	 2.4
67.3493 	 75.0635 	 64.5539 	 2.4
67.1122 	 74.8897 	 78.2191 	 2.4
65.7345 	 87.9312 	 63.6029 	 2.4
69.2493 	 87.986 	 79.7753 	 2.4
81.8703 	 60.7479 	 64.0567 	 2.4
81.3532 	 60.4773 	 77.9958 	 2.4
81.3112 	 75.1585 	 64.7784 	 2.4
82.0357 	 75.3401 	 78.2969 	 2.4
53.8227 	 67.8028 	 71.2549 	 2.4
67.1462 	 53.7478 	 70.9471 	 2.4
67.6442 	 67.4023 	 56.8915 	 2.4
67.2974 	 67.7772 	 71.1197 	 2.4
66.8238 	 66.6075 	 84.878 	 2.4
67.5535 	 81.6915 	 56.6715 	 2.4
67.4057 	 82.2473 	 71.5758 	 2.4
68.0159 	 82.4688 	 84.9622 	 2.4
81.44 	 68.1484 	 57.2006 	 2.4
81.5245 	 67.7285 	 70.969 	 2.4
82.1526 	 68.6026 	 84.7677 	 2.4
81.442 	 82.3224 	 71.7968 	 2.4
55.6504 	 66.0008 	 65.4742 	 2.4
53.7749 	 67.8374 	 78.4858 	 2.4
67.2633 	 54.5204 	 65.4982 	 2.4
68.2102 	 54.4102 	 77.031 	 2.4
68.4317 	 67.3254 	 64.6678 	 2.4
67.9797 	 68.0225 	 78.7702 	 2.4
68.136 	 81.4575 	 64.7753 	 2.4
68.0056 	 81.4693 	 78.4152 	 2.4
82.4106 	 67.3014 	 64.2766 	 2.4
82.2896 	 67.6362 	 78.815 	 2.4
82.0847 	 81.5691 	 64.4336 	 2.4
82.5599 	 81.6325 	 78.5546 	 2.4
60.6595 	 57.7539 	 75.3314 	 2.4
61.1709 	 70.6741 	 60.3792 	 2.4
61.6338 	 71.67 	 74.6613 	 2.4
60.8029 	 85.5693 	 73.9237 	 2.4
74.1502 	 57.5488 	 60.752 	 2.4
75.0756 	 57.1975 	 74.3489 	 2.4
74.8565 	 71.5493 	 60.3113 	 2.4
74.7092 	 71.16 	 74.4824 	 2.4
74.5567 	 84.8593 	 60.1467 	 2.4
75.0617 	 85.1308 	 74.4208 	 2.4
89.2496 	 72.3297 	 75.0178 	 2.4
60.508 	 57.5708 	 67.5667 	 2.4
60.2196 	 71.1577 	 68.1158 	 2.4
60.2988 	 71.6401 	 82.0998 	 2.4
60.6934 	 85.482 	 67.5299 	 2.4
74.6458 	 57.7055 	 67.7444 	 2.4
74.4294 	 57.3962 	 81.9197 	 2.4
75.2094 	 71.102 	 54.3086 	 2.4
74.5262 	 71.3875 	 67.8954 	 2.4
74.3961 	 85.3772 	 67.7696 	 2.4
74.0535 	 85.7333 	 81.3633 	 2.4
88.7195 	 71.7484 	 67.9704 	 2.4
60.7586 	 64.8891 	 60.6938 	 2.4
60.0579 	 63.9381 	 75.1838 	 2.4
60.1784 	 78.146 	 60.7571 	 2.4
60.4091 	 78.4725 	 75.0394 	 2.4
74.6841 	 64.104 	 60.7788 	 2.4
74.4176 	 64.4557 	 75.0463 	 2.4
74.8325 	 63.6801 	 87.5747 	 2.4
74.6978 	 78.3507 	 60.884 	 2.4
74.6357 	 78.2064 	 74.9753 	 2.4
73.4176 	 78.2957 	 87.6526 	 2.4
87.6398 	 65.1486 	 75.295 	 2.4
88.4061 	 77.4815 	 74.2598 	 2.4
60.8074 	 64.3024 	 67.7638 	 2.4
60.8724 	 64.6826 	 81.67 	 2.4
61.1652 	 78.6534 	 67.1082 	 2.4
60.9406 	 78.5338 	 81.4967 	 2.4
75.1874 	 64.5483 	 67.0948 	 2.4
74.4579 	 64.0314 	 81.383 	 2.4
74.9532 	 78.2297 	 67.334 	 2.4
75.4393 	 78.7773 	 81.5267 	 2.4
89.0512 	 64.7258 	 67.9011 	 2.4
87.3192 	 80.4273 	 68.1763 	 2.4
53.3066 	 71.1442 	 73.8134 	 2.4
66.9633 	 57.2519 	 61.1177 	 2.4
67.3233 	 57.3122 	 74.4979 	 2.4
67.6604 	 71.2907 	 60.9577 	 2.4
67.1299 	 70.7758 	 74.8861 	 2.4
66.9685 	 70.0889 	 89.0729 	 2.4
67.6718 	 84.3855 	 60.4135 	 2.4
67.7015 	 85.3832 	 75.099 	 2.4
81.9462 	 56.7019 	 74.4863 	 2.4
81.3394 	 71.0557 	 60.6909 	 2.4
81.2626 	 71.0312 	 74.9087 	 2.4
81.3602 	 85.0735 	 75.0299 	 2.4
54.5803 	 71.4914 	 67.9199 	 2.4
67.8385 	 57.4203 	 68.2851 	 2.4
67.9385 	 57.022 	 81.6728 	 2.4
68.2665 	 71.6114 	 53.6198 	 2.4
68.0184 	 71.3958 	 67.3359 	 2.4
68.2705 	 85.4274 	 67.7831 	 2.4
68.0291 	 85.5687 	 81.2292 	 2.4
81.9467 	 58.0724 	 67.3785 	 2.4
81.9702 	 71.5472 	 67.6341 	 2.4
81.6093 	 71.5867 	 81.4902 	 2.4
81.6891 	 85.2935 	 67.273 	 2.4
55.2652 	 65.8928 	 73.4256 	 2.4
55.0834 	 79.7782 	 73.5821 	 2.4
68.1021 	 63.8197 	 60.5861 	 2.4
68.1678 	 64.7889 	 74.5963 	 2.4
67.8166 	 65.0773 	 88.4024 	 2.4
67.8841 	 78.6017 	 60.2613 	 2.4
68.1326 	 78.3775 	 74.7413 	 2.4
68.5849 	 77.689 	 86.2249 	 2.4
81.9455 	 64.6977 	 59.9376 	 2.4
81.9423 	 64.5882 	 74.983 	 2.4
82.186 	 78.3336 	 60.3943 	 2.4
81.6364 	 78.162 	 74.2949 	 2.4
54.996 	 63.4543 	 67.3802 	 2.4
53.5008 	 78.0879 	 68.5288 	 2.4
67.2002 	 64.7209 	 54.2269 	 2.4
67.336 	 64.1679 	 67.6411 	 2.4
67.2496 	 63.722 	 81.9904 	 2.4
68.9124 	 76.9531 	 54.4734 	 2.4
67.1306 	 78.4568 	 67.8229 	 2.4
67.5495 	 78.5059 	 82.0565 	 2.4
81.4757 	 64.2491 	 68.1359 	 2.4
81.7249 	 64.2273 	 81.5618 	 2.4
81.6552 	 78.4762 	 67.8103 	 2.4
81.7346 	 78.2464 	 82.2722 	 2.4
58.6495 	 58.9159 	 73.1747 	 2.4
58.996 	 72.4764 	 58.9618 	 2.4
59.2491 	 73.241 	 73.432 	 2.4
73.0752 	 58.5575 	 58.6569 	 2.4
72.7265 	 58.936 	 72.9084 	 2.4
72.7628 	 73.2283 	 58.5014 	 2.4
72.6399 	 72.7537 	 72.8895 	 2.4
73.3342 	 86.8979 	 72.6751 	 2.4
87.1533 	 73.4065 	 72.9328 	 2.4
58.3768 	 59.741 	 66.5798 	 2.4
60.9849 	 60.057 	 80.8718 	 2.4
58.7683 	 72.847 	 66.0564 	 2.4
58.3543 	 73.1089 	 79.9007 	 2.4
72.7461 	 59.1455 	 65.8396 	 2.4
72.6368 	 59.3135 	 80.2488 	 2.4
73.3582 	 73.1229 	 52.931 	 2.4
72.9304 	 73.0944 	 66.1342 	 2.4
73.1118 	 74.0483 	 78.8496 	 2.4
72.4255 	 87.3827 	 66.0839 	 2.4
72.2433 	 87.7483 	 79.8371 	 2.4
87.0296 	 73.2531 	 65.7281 	 2.4
86.8009 	 72.9274 	 80.0139 	 2.4
59.0507 	 66.7912 	 58.8248 	 2.4
58.6312 	 65.9137 	 73.3189 	 2.4
58.6809 	 77.5352 	 58.1442 	 2.4
58.9651 	 80.2511 	 73.0261 	 2.4
72.3488 	 53.5425 	 72.4978 	 2.4
73.0967 	 65.9029 	 58.8409 	 2.4
72.875 	 66.1961 	 73.0192 	 2.4
73.2248 	 66.1087 	 87.7167 	 2.4
73.1609 	 80.1963 	 59.2043 	 2.4
73.0568 	 79.8566 	 72.7968 	 2.4
72.5112 	 80.4127 	 86.5084 	 2.4
87.4516 	 66.3988 	 72.5562 	 2.4
87.1536 	 80.163 	 72.9273 	 2.4
58.7757 	 65.5318 	 66.0508 	 2.4
58.3676 	 66.0718 	 80.1832 	 2.4
58.4257 	 79.9466 	 66.2415 	 2.4
58.7219 	 80.1065 	 80.2597 	 2.4
72.6889 	 65.8981 	 65.7322 	 2.4
72.9485 	 65.9508 	 79.5859 	 2.4
72.7765 	 79.8074 	 65.73 	 2.4
72.9803 	 79.8491 	 79.8747 	 2.4
86.5761 	 65.6918 	 65.974 	 2.4
86.6324 	 66.4969 	 79.6824 	 2.4
86.1737 	 81.0647 	 65.9525 	 2.4
84.9781 	 81.2813 	 77.9517 	 2.4
65.3296 	 59.055 	 58.9991 	 2.4
65.7851 	 59.383 	 72.8747 	 2.4
66.2275 	 73.0117 	 59.0561 	 2.4
65.7026 	 73.0308 	 73.4229 	 2.4
66.3479 	 72.8206 	 87.8209 	 2.4
65.9242 	 87.2341 	 73.438 	 2.4
78.1041 	 59.61 	 57.4437 	 2.4
79.9413 	 58.7707 	 73.3552 	 2.4
79.7352 	 73.3655 	 59.4915 	 2.4
80.1974 	 72.9499 	 72.8234 	 2.4
79.2401 	 72.6412 	 87.268 	 2.4
79.2338 	 87.3583 	 74.0933 	 2.4
65.7796 	 58.1182 	 66.0408 	 2.4
66.067 	 59.102 	 79.887 	 2.4
65.6383 	 72.8426 	 65.9409 	 2.4
66.154 	 72.7227 	 80.3249 	 2.4
65.7753 	 86.4477 	 66.0565 	 2.4
66.2765 	 87.1047 	 79.3785 	 2.4
79.5849 	 59.2863 	 65.6913 	 2.4
79.8876 	 58.8027 	 80.0619 	 2.4
79.6553 	 73.2415 	 66.3127 	 2.4
80.1129 	 73.4522 	 79.6547 	 2.4
79.727 	 86.0064 	 65.9645 	 2.4
66.1443 	 65.2679 	 58.8296 	 2.4
65.7817 	 66.0025 	 73.0696 	 2.4
65.1928 	 66.031 	 87.5131 	 2.4
65.6205 	 79.8441 	 58.3635 	 2.4
66.0246 	 80.1287 	 73.2238 	 2.4
67.056 	 80.3959 	 85.9609 	 2.4
79.329 	 66.7681 	 58.964 	 2.4
80.0086 	 65.9345 	 73.0197 	 2.4
81.3179 	 64.5507 	 85.5129 	 2.4
80.1149 	 79.6481 	 58.4346 	 2.4
79.7947 	 80.1705 	 72.9566 	 2.4
65.8367 	 66.2813 	 66.2729 	 2.4
65.906 	 66.0962 	 80.3673 	 2.4
65.5973 	 80.1089 	 66.0036 	 2.4
65.9841 	 80.3346 	 80.1699 	 2.4
80.1018 	 65.8267 	 65.8951 	 2.4
79.9836 	 66.0642 	 80.1914 	 2.4
79.9669 	 80.2588 	 66.1373 	 2.4
80.2902 	 80.281 	 80.3128 	 2.4
59.4206 	 62.7637 	 62.7084 	 2.4
58.7354 	 61.7408 	 77.0025 	 2.4
59.0899 	 75.9895 	 62.8649 	 2.4
59.0853 	 76.4321 	 76.9877 	 2.4
73.4923 	 61.9376 	 62.6514 	 2.4
73.3088 	 62.1733 	 76.947 	 2.4
73.4224 	 76.028 	 62.7278 	 2.4
73.1194 	 75.93 	 76.5517 	 2.4
86.3752 	 62.3561 	 76.2519 	 2.4
86.7774 	 76.1376 	 62.6132 	 2.4
88.0773 	 77.0292 	 76.6384 	 2.4
59.4503 	 63.526 	 70.2868 	 2.4
60.3102 	 61.9429 	 83.2839 	 2.4
59.679 	 76.8863 	 69.0599 	 2.4
59.8264 	 76.4297 	 83.5284 	 2.4
74.2312 	 63.1751 	 55.6551 	 2.4
73.2869 	 62.9846 	 69.0784 	 2.4
72.8553 	 63.1402 	 83.8685 	 2.4
73.8601 	 77.3109 	 55.3204 	 2.4
73.2084 	 76.854 	 69.6236 	 2.4
73.2484 	 77.1914 	 82.961 	 2.4
86.699 	 63.3959 	 69.2182 	 2.4
87.1709 	 77.6711 	 69.5344 	 2.4
58.9115 	 69.1726 	 62.1114 	 2.4
59.7667 	 70.0389 	 76.4473 	 2.4
58.8434 	 83.9777 	 75.9098 	 2.4
72.4139 	 55.4379 	 62.3686 	 2.4
73.2659 	 55.5198 	 76.4542 	 2.4
72.8341 	 69.8693 	 61.9459 	 2.4
72.8613 	 70.0932 	 76.5793 	 2.4
74.8162 	 68.5935 	 88.5131 	 2.4
72.7476 	 84.0378 	 62.5745 	 2.4
72.9962 	 84.1121 	 76.362 	 2.4
87.1355 	 70.3137 	 62.7203 	 2.4
87.2097 	 70.1987 	 76.3471 	 2.4
60.0283 	 71.095 	 56.3553 	 2.4
59.0261 	 69.1241 	 70.1533 	 2.4
58.9194 	 69.6827 	 84.0424 	 2.4
59.345 	 83.5699 	 69.5239 	 2.4
73.6009 	 55.2938 	 69.5323 	 2.4
73.6988 	 69.1843 	 56.3812 	 2.4
73.5004 	 69.0606 	 69.9049 	 2.4
72.7092 	 84.1097 	 57.6086 	 2.4
73.7101 	 82.8578 	 69.4516 	 2.4
73.3708 	 83.4647 	 83.5054 	 2.4
87.4193 	 69.2458 	 69.6336 	 2.4
65.9079 	 62.4824 	 62.4965 	 2.4
66.8537 	 62.8538 	 76.6824 	 2.4
66.3729 	 76.9097 	 62.4048 	 2.4
65.9755 	 77.342 	 76.6175 	 2.4
80.5552 	 62.6474 	 61.9369 	 2.4
79.8278 	 62.9701 	 76.5478 	 2.4
80.2084 	 77.377 	 62.7282 	 2.4
80.1161 	 76.7918 	 76.3695 	 2.4
52.1721 	 76.383 	 69.9378 	 2.4
66.27 	 62.896 	 55.6929 	 2.4
66.2015 	 62.1686 	 69.7881 	 2.4
65.4037 	 61.735 	 83.7726 	 2.4
66.5324 	 75.5931 	 55.5189 	 2.4
66.1159 	 76.2906 	 70.0091 	 2.4
66.3807 	 76.6729 	 84.2926 	 2.4
67.9943 	 88.3528 	 68.8388 	 2.4
80.422 	 62.2876 	 70.2465 	 2.4
80.1165 	 62.4413 	 83.7025 	 2.4
79.574 	 75.4585 	 55.5189 	 2.4
80.7404 	 76.2388 	 69.8269 	 2.4
80.4289 	 75.9666 	 84.0148 	 2.4
66.1348 	 55.6865 	 62.877 	 2.4
65.5729 	 55.2034 	 76.2094 	 2.4
66.4686 	 69.0086 	 62.858 	 2.4
65.5663 	 68.9719 	 76.834 	 2.4
66.2807 	 82.5764 	 62.4888 	 2.4
66.1257 	 83.4275 	 77.0082 	 2.4
79.5756 	 56.0438 	 75.0671 	 2.4
80.2474 	 69.2584 	 62.8953 	 2.4
80.1286 	 69.2531 	 77.3252 	 2.4
80.1804 	 83.1064 	 62.4473 	 2.4
80.4549 	 83.3139 	 76.7718 	 2.4
53.5904 	 70.3419 	 70.8424 	 2.4
65.5629 	 56.0803 	 69.8322 	 2.4
66.2827 	 69.7497 	 55.0267 	 2.4
65.9664 	 70.0855 	 69.4086 	 2.4
65.0604 	 68.9319 	 83.865 	 2.4
66.1044 	 83.9524 	 69.3857 	 2.4
66.2821 	 84.3015 	 83.0636 	 2.4
80.2739 	 55.8492 	 68.6563 	 2.4
80.1973 	 70.4754 	 55.5761 	 2.4
80.1318 	 69.8273 	 69.1675 	 2.4
79.7902 	 70.1327 	 83.407 	 2.4
80.2431 	 84.4626 	 69.8712 	 2.4
78.4476 	 85.5196 	 81.2675 	 2.4
61.8231 	 62.9357 	 59.1574 	 2.4
62.4764 	 62.9845 	 73.2897 	 2.4
62.7157 	 76.7174 	 59.3973 	 2.4
62.2918 	 77.306 	 72.8858 	 2.4
63.8376 	 76.985 	 86.4045 	 2.4
76.7269 	 63.0019 	 58.9337 	 2.4
76.0762 	 62.988 	 72.9596 	 2.4
77.0157 	 63.6882 	 86.5689 	 2.4
76.6331 	 77.0302 	 58.9694 	 2.4
76.6822 	 76.9766 	 73.0191 	 2.4
76.1271 	 76.7629 	 86.5945 	 2.4
62.7713 	 62.0651 	 66.5154 	 2.4
62.5793 	 62.5758 	 80.1721 	 2.4
62.9952 	 76.4527 	 65.8346 	 2.4
62.9432 	 76.1102 	 80.4543 	 2.4
76.9 	 62.1199 	 66.1215 	 2.4
76.5477 	 61.9964 	 80.6839 	 2.4
77.155 	 76.2516 	 66.1668 	 2.4
77.0854 	 76.3481 	 80.385 	 2.4
63.0873 	 56.0358 	 74.6156 	 2.4
63.478 	 69.0045 	 58.8769 	 2.4
62.7522 	 69.2616 	 73.0604 	 2.4
62.3155 	 70.2704 	 87.7147 	 2.4
64.7163 	 84.1836 	 59.2382 	 2.4
62.978 	 83.323 	 73.0622 	 2.4
77.2325 	 55.3571 	 72.9677 	 2.4
76.6554 	 69.2994 	 59.6584 	 2.4
76.8528 	 69.1295 	 73.612 	 2.4
77.4014 	 68.2204 	 86.923 	 2.4
77.0237 	 83.325 	 58.7304 	 2.4
77.0402 	 83.112 	 73.2561 	 2.4
61.9658 	 55.9905 	 66.1931 	 2.4
61.767 	 69.817 	 65.7392 	 2.4
61.9499 	 70.1737 	 79.8654 	 2.4
62.1519 	 84.1731 	 65.3194 	 2.4
62.1721 	 84.371 	 79.766 	 2.4
75.8172 	 55.9186 	 65.5301 	 2.4
75.9007 	 56.1118 	 79.502 	 2.4
76.2397 	 69.8917 	 65.6123 	 2.4
76.2587 	 70.6642 	 80.4088 	 2.4
76.5259 	 83.9909 	 66.074 	 2.4
76.0169 	 83.7984 	 79.9957 	 2.4
89.2068 	 69.2348 	 67.8927 	 2.4
55.1104 	 62.6627 	 73.0965 	 2.4
56.3195 	 76.7807 	 73.0721 	 2.4
70.1044 	 61.8492 	 59.347 	 2.4
70.1641 	 62.6947 	 73.4473 	 2.4
69.0735 	 62.5755 	 86.8871 	 2.4
70.147 	 76.8617 	 59.0437 	 2.4
69.7476 	 76.0936 	 73.3064 	 2.4
70.9522 	 76.4231 	 87.6602 	 2.4
71.4044 	 89.1602 	 72.9302 	 2.4
81.2519 	 65.1181 	 57.5238 	 2.4
84.0911 	 62.4663 	 74.0615 	 2.4
84.1465 	 75.9275 	 59.1905 	 2.4
84.0588 	 76.203 	 73.5612 	 2.4
56.2314 	 61.5228 	 65.6362 	 2.4
54.8571 	 76.5886 	 66.1332 	 2.4
56.0991 	 75.4499 	 80.3426 	 2.4
68.8618 	 62.5661 	 65.4692 	 2.4
69.582 	 62.8768 	 80.1087 	 2.4
69.3069 	 76.6788 	 66.388 	 2.4
69.0179 	 76.4282 	 80.1653 	 2.4
83.0825 	 62.7469 	 66.0579 	 2.4
82.5745 	 62.7994 	 79.5518 	 2.4
83.7054 	 76.6735 	 66.2066 	 2.4
83.9601 	 76.8989 	 80.4066 	 2.4
55.5616 	 69.7042 	 72.8524 	 2.4
68.9313 	 55.7936 	 72.3937 	 2.4
69.0363 	 69.5877 	 58.5478 	 2.4
69.1324 	 69.6974 	 72.6543 	 2.4
69.7675 	 82.9796 	 58.6275 	 2.4
69.5973 	 83.8177 	 73.3028 	 2.4
83.3834 	 69.2507 	 59.5404 	 2.4
83.3117 	 69.7372 	 72.7848 	 2.4
84.7937 	 69.7489 	 83.7381 	 2.4
83.652 	 83.8426 	 73.2722 	 2.4
55.9913 	 69.0571 	 66.4952 	 2.4
55.5584 	 69.9048 	 80.1277 	 2.4
69.6457 	 55.0764 	 67.3524 	 2.4
69.0866 	 55.4528 	 79.0735 	 2.4
70.6581 	 70.1021 	 54.3118 	 2.4
70.1917 	 69.3323 	 66.3857 	 2.4
68.77 	 71.0542 	 79.6275 	 2.4
70.1967 	 83.5737 	 66.098 	 2.4
69.7027 	 83.0068 	 80.4789 	 2.4
83.7121 	 69.1808 	 66.4649 	 2.4
83.7971 	 69.317 	 80.6611 	 2.4
83.9437 	 83.1481 	 66.5288 	 2.4
62.4548 	 58.7934 	 62.9358 	 2.4
62.8605 	 59.4776 	 76.2498 	 2.4
62.8358 	 72.7147 	 62.209 	 2.4
63.0085 	 73.6037 	 76.5255 	 2.4
63.2376 	 87.403 	 75.1772 	 2.4
76.8709 	 58.6836 	 62.0539 	 2.4
76.7049 	 59.1773 	 76.2842 	 2.4
76.7376 	 73.2006 	 62.1618 	 2.4
76.7609 	 73.0047 	 75.7893 	 2.4
75.7814 	 86.5669 	 62.4228 	 2.4
76.8649 	 87.059 	 76.196 	 2.4
61.816 	 59.0037 	 69.9925 	 2.4
62.0613 	 73.3035 	 55.7642 	 2.4
62.0832 	 73.003 	 69.8141 	 2.4
62.5978 	 72.8718 	 83.9357 	 2.4
62.2776 	 86.8937 	 69.7747 	 2.4
76.4662 	 59.3496 	 69.8158 	 2.4
76.1032 	 59.1043 	 84.0256 	 2.4
76.7266 	 73.0016 	 56.0677 	 2.4
76.109 	 73.1511 	 70.0619 	 2.4
75.9789 	 72.2845 	 83.1262 	 2.4
75.7057 	 87.2903 	 69.7856 	 2.4
90.1291 	 73.7958 	 69.8902 	 2.4
62.5147 	 66.1874 	 62.9201 	 2.4
61.9497 	 65.7089 	 76.8583 	 2.4
61.7468 	 80.1366 	 62.4239 	 2.4
61.9325 	 80.223 	 77.0887 	 2.4
76.0979 	 65.714 	 63.0806 	 2.4
76.1139 	 66.1339 	 77.0749 	 2.4
76.1304 	 80.3526 	 62.631 	 2.4
76.1555 	 79.9513 	 77.113 	 2.4
62.917 	 66.9479 	 56.2457 	 2.4
62.4895 	 66.2721 	 69.0078 	 2.4
62.6478 	 66.6655 	 83.4646 	 2.4
62.836 	 80.4724 	 68.835 	 2.4
62.9141 	 80.3966 	 83.0981 	 2.4
76.6611 	 66.2186 	 54.9004 	 2.4
77.1133 	 66.2137 	 69.0746 	 2.4
76.288 	 66.107 	 82.7714 	 2.4
75.8293 	 79.609 	 55.1132 	 2.4
77.1552 	 79.8597 	 68.8794 	 2.4
77.2804 	 80.408 	 83.5272 	 2.4
55.3461 	 72.965 	 63.433 	 2.4
55.1735 	 72.4825 	 76.081 	 2.4
69.4669 	 58.277 	 62.6076 	 2.4
69.437 	 58.562 	 76.5196 	 2.4
69.2894 	 73.2229 	 62.7188 	 2.4
68.785 	 72.724 	 76.7936 	 2.4
69.2626 	 71.9878 	 88.2141 	 2.4
68.4553 	 86.406 	 62.7988 	 2.4
69.4171 	 86.951 	 76.8472 	 2.4
83.6857 	 59.7273 	 65.4297 	 2.4
82.7741 	 58.8797 	 76.5726 	 2.4
82.501 	 72.6368 	 63.2335 	 2.4
83.1439 	 72.8549 	 76.6676 	 2.4
56.2253 	 73.5528 	 69.6523 	 2.4
69.8234 	 59.525 	 69.2663 	 2.4
69.391 	 59.3569 	 83.1701 	 2.4
70.312 	 73.0284 	 55.4611 	 2.4
69.6478 	 72.9713 	 69.2141 	 2.4
69.8835 	 86.5678 	 69.9956 	 2.4
83.4221 	 60.0561 	 69.3947 	 2.4
84.4402 	 72.9102 	 69.0575 	 2.4
83.7961 	 72.6019 	 83.5676 	 2.4
55.8549 	 65.6011 	 62.5315 	 2.4
55.9889 	 66.6606 	 76.4202 	 2.4
55.2909 	 80.0656 	 76.6419 	 2.4
69.7293 	 65.9571 	 62.1976 	 2.4
69.633 	 66.5459 	 76.4 	 2.4
69.6144 	 79.8586 	 62.4075 	 2.4
69.913 	 80.1998 	 76.3435 	 2.4
84.1638 	 65.863 	 61.9736 	 2.4
84.0789 	 66.4268 	 76.4248 	 2.4
83.9785 	 80.1523 	 62.2469 	 2.4
83.5234 	 79.4593 	 76.2174 	 2.4
54.9234 	 65.6124 	 69.4256 	 2.4
55.1886 	 79.7466 	 70.4658 	 2.4
69.8017 	 65.5752 	 55.3077 	 2.4
69.2037 	 65.6486 	 69.5731 	 2.4
69.2565 	 65.2163 	 84.0062 	 2.4
69.0966 	 79.1939 	 55.4814 	 2.4
69.0333 	 80.2143 	 69.7527 	 2.4
69.53 	 79.8316 	 84.0764 	 2.4
83.4975 	 65.5249 	 69.9205 	 2.4
83.2141 	 65.9701 	 83.5436 	 2.4
82.9005 	 80.024 	 70.2093 	 2.4
80.9904 	 79.9679 	 84.7452 	 2.4
