0 	 0 	 0 	 0
0.1 	 3.75783 	 0 	 3.75783
0.2 	 0.939456 	 0 	 0.939456
0.3 	 0.442097 	 0.0245609 	 0.417536
0.4 	 0.303942 	 0.0690777 	 0.234864
0.5 	 0.2741 	 0.123787 	 0.150313
0.6 	 0.343853 	 0.239469 	 0.104384
0.7 	 0.293228 	 0.216537 	 0.0766903
0.8 	 0.238318 	 0.179602 	 0.058716
0.9 	 0.226507 	 0.180114 	 0.0463929
1 	 0.187891 	 0.150313 	 0.0375783
1.1 	 0.155282 	 0.124226 	 0.0310564
1.2 	 0.128945 	 0.104384 	 0.0245609
1.3 	 0.0967905 	 0.0889426 	 0.00784788
1.4 	 0.0766903 	 0.0766903 	 0
1.5 	 0.0668058 	 0.0668058 	 0
1.6 	 0.058716 	 0.058716 	 0
1.7 	 0.0527763 	 0.0520114 	 0.000764874
1.8 	 0.0511686 	 0.0463929 	 0.00477574
1.9 	 0.0551091 	 0.041638 	 0.0134711
2 	 0.0513938 	 0.0375783 	 0.0138155
2.1 	 0.0516281 	 0.0340846 	 0.0175435
2.2 	 0.0552621 	 0.03334 	 0.0219222
2.3 	 0.0555755 	 0.0338468 	 0.0217288
2.4 	 0.0564134 	 0.03262 	 0.0237934
2.5 	 0.0544664 	 0.0304163 	 0.0240501
2.6 	 0.0444713 	 0.0222357 	 0.0222357
2.7 	 0.0430575 	 0.0224384 	 0.0206191
2.8 	 0.04483 	 0.0256574 	 0.0191726
2.9 	 0.0433686 	 0.0254955 	 0.0178731
3 	 0.045929 	 0.0292275 	 0.0167014
3.1 	 0.047384 	 0.0317427 	 0.0156413
3.2 	 0.0507289 	 0.0360499 	 0.014679
3.3 	 0.0515577 	 0.0377548 	 0.0138028
3.4 	 0.0562182 	 0.0420681 	 0.0141502
3.5 	 0.0577433 	 0.0436684 	 0.0140749
3.6 	 0.0608907 	 0.044005 	 0.0168857
3.7 	 0.0632951 	 0.0445649 	 0.0187302
3.8 	 0.0649062 	 0.0465365 	 0.0183697
3.9 	 0.0672883 	 0.0476686 	 0.0196197
4 	 0.0697684 	 0.0482162 	 0.0215522
4.1 	 0.0706146 	 0.0490488 	 0.0215657
4.2 	 0.0700488 	 0.0492472 	 0.0208016
4.3 	 0.0698174 	 0.0480592 	 0.0217582
4.4 	 0.0702194 	 0.0473839 	 0.0228356
4.5 	 0.0719363 	 0.0480303 	 0.023906
4.6 	 0.0747971 	 0.0484719 	 0.0263253
4.7 	 0.0747502 	 0.0484325 	 0.0263177
4.8 	 0.0752179 	 0.0484503 	 0.0267676
4.9 	 0.0757697 	 0.0475977 	 0.0281719
5 	 0.0755986 	 0.0470391 	 0.0285595
5.1 	 0.0744477 	 0.0467423 	 0.0277054
5.2 	 0.0744731 	 0.0466785 	 0.0277946
5.3 	 0.0752305 	 0.0461141 	 0.0291164
5.4 	 0.0742135 	 0.0454074 	 0.0288061
5.5 	 0.0744623 	 0.0461827 	 0.0282796
5.6 	 0.0723906 	 0.0458873 	 0.0265033
5.7 	 0.0699409 	 0.045516 	 0.0244249
5.8 	 0.0682727 	 0.0448142 	 0.0234585
5.9 	 0.066105 	 0.043943 	 0.022162
6 	 0.0639199 	 0.0432887 	 0.0206312
6.1 	 0.0613661 	 0.0414058 	 0.0199603
6.2 	 0.0595175 	 0.0400234 	 0.0194941
6.3 	 0.0586455 	 0.0397097 	 0.0189359
6.4 	 0.0580144 	 0.0404752 	 0.0175393
6.5 	 0.0569756 	 0.0397626 	 0.017213
6.6 	 0.0559726 	 0.039328 	 0.0166446
6.7 	 0.0551513 	 0.0386059 	 0.0165454
6.8 	 0.0541148 	 0.0377178 	 0.016397
6.9 	 0.0539969 	 0.0379325 	 0.0160644
7 	 0.0534577 	 0.0381647 	 0.0152929
7.1 	 0.0528833 	 0.0374919 	 0.0153914
7.2 	 0.0514671 	 0.0360313 	 0.0154359
7.3 	 0.0527215 	 0.0365856 	 0.0161358
7.4 	 0.0529612 	 0.0364108 	 0.0165504
7.5 	 0.0528159 	 0.0360358 	 0.01678
7.6 	 0.0548412 	 0.0373134 	 0.0175277
7.7 	 0.0571542 	 0.0385875 	 0.0185667
7.8 	 0.0601307 	 0.0397117 	 0.020419
7.9 	 0.062585 	 0.0411212 	 0.0214638
8 	 0.0652093 	 0.0424828 	 0.0227266
8.1 	 0.0683596 	 0.0439334 	 0.0244262
8.2 	 0.0704173 	 0.0450381 	 0.0253792
8.3 	 0.0707522 	 0.0453713 	 0.025381
8.4 	 0.0706441 	 0.0446734 	 0.0259707
8.5 	 0.0694811 	 0.0443321 	 0.0251491
8.6 	 0.0683828 	 0.0445325 	 0.0238503
8.7 	 0.0681924 	 0.044712 	 0.0234804
8.8 	 0.0688493 	 0.0457854 	 0.0230639
8.9 	 0.0692643 	 0.046632 	 0.0226323
9 	 0.0703262 	 0.0473208 	 0.0230054
9.1 	 0.0716452 	 0.0479148 	 0.0237305
9.2 	 0.0721855 	 0.0479496 	 0.0242359
9.3 	 0.0717405 	 0.048074 	 0.0236664
9.4 	 0.0715481 	 0.0481323 	 0.0234157
9.5 	 0.0713234 	 0.0479081 	 0.0234152
9.6 	 0.0709725 	 0.0468433 	 0.0241292
9.7 	 0.0703625 	 0.045718 	 0.0246445
9.8 	 0.0687037 	 0.0445826 	 0.0241211
9.9 	 0.0665559 	 0.0434384 	 0.0231175
10 	 0.0645462 	 0.0422424 	 0.0223038
10.1 	 0.0620825 	 0.0408466 	 0.0212359
10.2 	 0.0599151 	 0.0395185 	 0.0203966
10.3 	 0.0591949 	 0.0392966 	 0.0198983
10.4 	 0.0591248 	 0.0396686 	 0.0194562
10.5 	 0.0597282 	 0.0401797 	 0.0195485
10.6 	 0.0604952 	 0.0403892 	 0.0201061
10.7 	 0.0603351 	 0.0401784 	 0.0201568
10.8 	 0.0593935 	 0.0394378 	 0.0199558
10.9 	 0.0582343 	 0.0386616 	 0.0195727
11 	 0.056413 	 0.0373773 	 0.0190357
11.1 	 0.0550065 	 0.0369222 	 0.0180843
11.2 	 0.0546806 	 0.0375169 	 0.0171637
11.3 	 0.0540633 	 0.0373406 	 0.0167228
11.4 	 0.0546328 	 0.0377939 	 0.0168389
11.5 	 0.0553081 	 0.0376576 	 0.0176505
11.6 	 0.0546215 	 0.037734 	 0.0168875
11.7 	 0.0542731 	 0.0378345 	 0.0164386
11.8 	 0.0547224 	 0.038339 	 0.0163834
11.9 	 0.0555236 	 0.0384934 	 0.0170301
12 	 0.0571503 	 0.0394357 	 0.0177146
12.1 	 0.0586101 	 0.0400699 	 0.0185402
12.2 	 0.0601631 	 0.0408414 	 0.0193217
12.3 	 0.0613074 	 0.0412028 	 0.0201046
12.4 	 0.0619758 	 0.041231 	 0.0207449
12.5 	 0.0635771 	 0.0417623 	 0.0218148
12.6 	 0.0646187 	 0.0422855 	 0.0223332
12.7 	 0.0657568 	 0.0427871 	 0.0229696
12.8 	 0.0664468 	 0.0428767 	 0.0235701
12.9 	 0.0671607 	 0.0430248 	 0.0241359
13 	 0.0680542 	 0.0436473 	 0.0244069
13.1 	 0.0688482 	 0.0441942 	 0.024654
13.2 	 0.0685829 	 0.0440981 	 0.0244848
13.3 	 0.0685802 	 0.0441247 	 0.0244554
13.4 	 0.0681267 	 0.0440103 	 0.0241164
13.5 	 0.0679216 	 0.0446463 	 0.0232753
13.6 	 0.0678228 	 0.0449961 	 0.0228267
13.7 	 0.0677196 	 0.0451896 	 0.02253
13.8 	 0.0670899 	 0.0446879 	 0.022402
13.9 	 0.0663912 	 0.0443104 	 0.0220808
14 	 0.0652657 	 0.0437586 	 0.0215071
14.1 	 0.0640319 	 0.0432402 	 0.0207917
14.2 	 0.0635388 	 0.0430279 	 0.0205109
14.3 	 0.0623614 	 0.0422445 	 0.0201169
14.4 	 0.0617648 	 0.0419476 	 0.0198172
14.5 	 0.0603271 	 0.0410661 	 0.0192609
14.6 	 0.0584561 	 0.0396966 	 0.0187595
14.7 	 0.057551 	 0.0388413 	 0.0187097
14.8 	 0.0570887 	 0.0384393 	 0.0186495
14.9 	 0.0567034 	 0.0381839 	 0.0185194
15 	 0.0569912 	 0.0381088 	 0.0188825
15.1 	 0.0575477 	 0.038391 	 0.0191567
15.2 	 0.0587926 	 0.0388825 	 0.0199101
15.3 	 0.0594052 	 0.0395374 	 0.0198678
15.4 	 0.0600063 	 0.0402745 	 0.0197318
15.5 	 0.0603295 	 0.0404374 	 0.0198921
15.6 	 0.0608392 	 0.0408199 	 0.0200194
15.7 	 0.0616271 	 0.0413597 	 0.0202673
15.8 	 0.0618235 	 0.041679 	 0.0201444
15.9 	 0.0619051 	 0.0419958 	 0.0199093
16 	 0.062239 	 0.0422669 	 0.0199721
16.1 	 0.062935 	 0.0428777 	 0.0200573
16.2 	 0.063407 	 0.0433438 	 0.0200632
16.3 	 0.0643369 	 0.0440034 	 0.0203336
16.4 	 0.064993 	 0.044167 	 0.020826
16.5 	 0.0654336 	 0.0443559 	 0.0210778
16.6 	 0.0668777 	 0.0453312 	 0.0215465
16.7 	 0.0678704 	 0.0458123 	 0.0220581
16.8 	 0.0692343 	 0.0466783 	 0.022556
16.9 	 0.0706232 	 0.0473349 	 0.0232882
17 	 0.0719058 	 0.047797 	 0.0241088
17.1 	 0.0725187 	 0.0477158 	 0.0248029
17.2 	 0.0740614 	 0.0483207 	 0.0257407
17.3 	 0.0759404 	 0.0488494 	 0.027091
17.4 	 0.0772604 	 0.0489832 	 0.0282772
17.5 	 0.0776575 	 0.0490168 	 0.0286407
17.6 	 0.0781905 	 0.049068 	 0.0291225
17.7 	 0.0777963 	 0.0488044 	 0.0289919
17.8 	 0.0774549 	 0.0486552 	 0.0287997
17.9 	 0.0770541 	 0.0483477 	 0.0287064
18 	 0.0758115 	 0.0474572 	 0.0283542
18.1 	 0.0741934 	 0.0464012 	 0.0277922
18.2 	 0.0722392 	 0.0452588 	 0.0269804
18.3 	 0.0701053 	 0.04398 	 0.0261253
18.4 	 0.0677327 	 0.0427981 	 0.0249346
18.5 	 0.0652263 	 0.0414712 	 0.023755
18.6 	 0.0623863 	 0.0399211 	 0.0224652
18.7 	 0.0593947 	 0.0385218 	 0.0208728
18.8 	 0.0560627 	 0.0366872 	 0.0193755
18.9 	 0.0523707 	 0.034623 	 0.0177477
19 	 0.0482204 	 0.0323613 	 0.0158592
19.1 	 0.0443721 	 0.0302055 	 0.0141666
19.2 	 0.0396417 	 0.0274872 	 0.0121546
19.3 	 0.0348287 	 0.0246988 	 0.0101299
19.4 	 0.0304238 	 0.0221072 	 0.00831663
19.5 	 0.0267584 	 0.0197708 	 0.00698752
19.6 	 0.0231889 	 0.0174751 	 0.0057138
19.7 	 0.0201745 	 0.0154356 	 0.00473891
19.8 	 0.0175242 	 0.0135999 	 0.00392434
19.9 	 0.0150041 	 0.0118838 	 0.00312028
20 	 0.0129148 	 0.0104777 	 0.00243706
20.1 	 0.0111233 	 0.00923019 	 0.00189309
20.2 	 0.00942615 	 0.00794722 	 0.00147893
20.3 	 0.00794421 	 0.00689285 	 0.00105136
20.4 	 0.00660235 	 0.00590121 	 0.000701134
20.5 	 0.00559656 	 0.00510213 	 0.000494433
20.6 	 0.00460474 	 0.0042297 	 0.000375047
20.7 	 0.00371432 	 0.00345638 	 0.000257939
20.8 	 0.00286631 	 0.00270793 	 0.000158388
20.9 	 0.00228735 	 0.00219627 	 9.10893e-05
21 	 0.00190473 	 0.0018546 	 5.01244e-05
21.1 	 0.00157392 	 0.00155406 	 1.98602e-05
21.2 	 0.00126892 	 0.00126892 	 0
21.3 	 0.00102804 	 0.00102804 	 0
21.4 	 0.000777116 	 0.000777116 	 0
21.5 	 0.00061688 	 0.00061688 	 0
21.6 	 0.000431143 	 0.000431143 	 0
21.7 	 0.000244102 	 0.000244102 	 0
21.8 	 0.00010698 	 0.00010698 	 0
21.9 	 5.06981e-05 	 5.06981e-05 	 0
22 	 2.74027e-05 	 2.74027e-05 	 0
22.1 	 1.81035e-05 	 1.81035e-05 	 0
22.2 	 1.79408e-05 	 1.79408e-05 	 0
22.3 	 1.77803e-05 	 1.77803e-05 	 0
22.4 	 4.40546e-06 	 4.40546e-06 	 0
22.5 	 4.36639e-06 	 4.36639e-06 	 0
22.6 	 4.32784e-06 	 4.32784e-06 	 0
22.7 	 4.28979e-06 	 4.28979e-06 	 0
22.8 	 4.25224e-06 	 4.25224e-06 	 0
22.9 	 4.21519e-06 	 4.21519e-06 	 0
23 	 4.17861e-06 	 4.17861e-06 	 0
23.1 	 4.14251e-06 	 4.14251e-06 	 0
23.2 	 4.10688e-06 	 4.10688e-06 	 0
23.3 	 4.0717e-06 	 4.0717e-06 	 0
23.4 	 4.03697e-06 	 4.03697e-06 	 0
23.5 	 4.00269e-06 	 4.00269e-06 	 0
23.6 	 3.96884e-06 	 3.96884e-06 	 0
23.7 	 3.93542e-06 	 3.93542e-06 	 0
23.8 	 3.90242e-06 	 3.90242e-06 	 0
23.9 	 3.86983e-06 	 3.86983e-06 	 0
24 	 3.83765e-06 	 3.83765e-06 	 0
24.1 	 0 	 0 	 0
24.2 	 0 	 0 	 0
24.3 	 3.74348e-06 	 3.74348e-06 	 0
24.4 	 3.71285e-06 	 3.71285e-06 	 0
24.5 	 3.68261e-06 	 3.68261e-06 	 0
24.6 	 3.65273e-06 	 3.65273e-06 	 0
24.7 	 3.62321e-06 	 3.62321e-06 	 0
24.8 	 3.59405e-06 	 3.59405e-06 	 0
24.9 	 3.56524e-06 	 3.56524e-06 	 0
25 	 3.53678e-06 	 3.53678e-06 	 0
25.1 	 3.50865e-06 	 3.50865e-06 	 0
25.2 	 6.96172e-06 	 6.96172e-06 	 0
25.3 	 6.9068e-06 	 6.9068e-06 	 0
25.4 	 6.85252e-06 	 6.85252e-06 	 0
25.5 	 6.79888e-06 	 6.79888e-06 	 0
25.6 	 6.74587e-06 	 6.74587e-06 	 0
25.7 	 6.69347e-06 	 6.69347e-06 	 0
25.8 	 9.96253e-06 	 9.96253e-06 	 0
25.9 	 9.88574e-06 	 9.88574e-06 	 0
26 	 9.80985e-06 	 9.80985e-06 	 0
26.1 	 9.73482e-06 	 9.73482e-06 	 0
26.2 	 9.66065e-06 	 9.66065e-06 	 0
26.3 	 6.39155e-06 	 6.39155e-06 	 0
26.4 	 6.34322e-06 	 6.34322e-06 	 0
26.5 	 6.29544e-06 	 6.29544e-06 	 0
26.6 	 6.24819e-06 	 6.24819e-06 	 0
26.7 	 6.20148e-06 	 6.20148e-06 	 0
26.8 	 6.15528e-06 	 6.15528e-06 	 0
26.9 	 6.1096e-06 	 6.1096e-06 	 0
27 	 6.06443e-06 	 6.06443e-06 	 0
27.1 	 6.01976e-06 	 6.01976e-06 	 0
27.2 	 2.98779e-06 	 2.98779e-06 	 0
27.3 	 5.93188e-06 	 5.93188e-06 	 0
27.4 	 5.88866e-06 	 5.88866e-06 	 0
27.5 	 5.84591e-06 	 5.84591e-06 	 0
27.6 	 5.80363e-06 	 5.80363e-06 	 0
27.7 	 5.7618e-06 	 5.7618e-06 	 0
27.8 	 2.86021e-06 	 2.86021e-06 	 0
27.9 	 2.83974e-06 	 2.83974e-06 	 0
28 	 2.8195e-06 	 2.8195e-06 	 0
28.1 	 2.79946e-06 	 2.79946e-06 	 0
28.2 	 2.77965e-06 	 2.77965e-06 	 0
28.3 	 2.76004e-06 	 2.76004e-06 	 0
28.4 	 5.48127e-06 	 5.48127e-06 	 0
28.5 	 5.44287e-06 	 5.44287e-06 	 0
28.6 	 8.10731e-06 	 8.10731e-06 	 0
28.7 	 8.05091e-06 	 8.05091e-06 	 0
28.8 	 7.9951e-06 	 7.9951e-06 	 0
28.9 	 7.93987e-06 	 7.93987e-06 	 0
29 	 7.8852e-06 	 7.8852e-06 	 0
29.1 	 7.8311e-06 	 7.8311e-06 	 0
29.2 	 7.77756e-06 	 7.77756e-06 	 0
29.3 	 5.14971e-06 	 5.14971e-06 	 0
29.4 	 5.11473e-06 	 5.11473e-06 	 0
29.5 	 7.62017e-06 	 7.62017e-06 	 0
29.6 	 7.56877e-06 	 7.56877e-06 	 0
29.7 	 7.51789e-06 	 7.51789e-06 	 0
29.8 	 1.24459e-05 	 1.24459e-05 	 0
29.9 	 1.48353e-05 	 1.48353e-05 	 0
30 	 1.71927e-05 	 1.71927e-05 	 0
30.1 	 1.70786e-05 	 1.70786e-05 	 0
30.2 	 1.69657e-05 	 1.69657e-05 	 0
30.3 	 1.68539e-05 	 1.68539e-05 	 0
30.4 	 1.43513e-05 	 1.43513e-05 	 0
30.5 	 1.42574e-05 	 1.42574e-05 	 0
30.6 	 1.18036e-05 	 1.18036e-05 	 0
30.7 	 1.64176e-05 	 1.64176e-05 	 0
30.8 	 1.63111e-05 	 1.63111e-05 	 0
30.9 	 1.85208e-05 	 1.85208e-05 	 0
31 	 1.84015e-05 	 1.84015e-05 	 0
31.1 	 1.82834e-05 	 1.82834e-05 	 0
31.2 	 1.81664e-05 	 1.81664e-05 	 0
31.3 	 1.80505e-05 	 1.80505e-05 	 0
31.4 	 1.79357e-05 	 1.79357e-05 	 0
31.5 	 1.55943e-05 	 1.55943e-05 	 0
31.6 	 1.54957e-05 	 1.54957e-05 	 0
31.7 	 1.53981e-05 	 1.53981e-05 	 0
31.8 	 1.09296e-05 	 1.09296e-05 	 0
31.9 	 8.68893e-06 	 8.68893e-06 	 0
