58.142755 57.998149 71.918569 -1.200000 
58.142755 72.256681 57.660037 -1.200000 
58.142755 72.256681 71.918569 -1.200000 
58.142755 72.256681 86.177101 -1.200000 
72.401287 57.998149 57.660037 -1.200000 
72.401287 57.998149 71.918569 -1.200000 
72.401287 57.998149 86.177101 -1.200000 
72.401287 72.256681 57.660037 -1.200000 
72.401287 72.256681 71.918569 -1.200000 
72.401287 86.515213 71.918569 -1.200000 
86.659819 72.256681 71.918569 -1.200000 
57.693549 58.144412 64.942501 -1.200000 
57.693549 72.402944 64.942501 -1.200000 
57.693549 72.402944 79.201033 -1.200000 
71.952081 58.144412 64.942501 -1.200000 
71.952081 58.144412 79.201033 -1.200000 
71.952081 72.402944 64.942501 -1.200000 
71.952081 72.402944 79.201033 -1.200000 
71.952081 86.661476 64.942501 -1.200000 
71.952081 86.661476 79.201033 -1.200000 
86.210613 72.402944 64.942501 -1.200000 
86.210613 72.402944 79.201033 -1.200000 
57.504624 65.282406 72.327597 -1.200000 
57.504624 79.540938 72.327597 -1.200000 
71.763156 65.282406 58.069065 -1.200000 
71.763156 65.282406 72.327597 -1.200000 
71.763156 65.282406 86.586129 -1.200000 
71.763156 79.540938 58.069065 -1.200000 
71.763156 79.540938 72.327597 -1.200000 
71.763156 79.540938 86.586129 -1.200000 
86.021688 65.282406 72.327597 -1.200000 
86.021688 79.540938 72.327597 -1.200000 
57.303894 64.970876 64.907271 -1.200000 
57.303894 64.970876 79.165803 -1.200000 
57.303894 79.229408 64.907271 -1.200000 
57.303894 79.229408 79.165803 -1.200000 
71.562426 64.970876 64.907271 -1.200000 
71.562426 64.970876 79.165803 -1.200000 
71.562426 79.229408 64.907271 -1.200000 
71.562426 79.229408 79.165803 -1.200000 
85.820958 64.970876 64.907271 -1.200000 
85.820958 64.970876 79.165803 -1.200000 
85.820958 79.229408 64.907271 -1.200000 
85.820958 79.229408 79.165803 -1.200000 
64.476752 58.329730 58.021450 -1.200000 
64.476752 58.329730 72.279982 -1.200000 
64.476752 72.588262 58.021450 -1.200000 
64.476752 72.588262 72.279982 -1.200000 
64.476752 72.588262 86.538514 -1.200000 
64.476752 86.846794 72.279982 -1.200000 
78.735284 58.329730 58.021450 -1.200000 
78.735284 58.329730 72.279982 -1.200000 
78.735284 72.588262 58.021450 -1.200000 
78.735284 72.588262 72.279982 -1.200000 
78.735284 72.588262 86.538514 -1.200000 
78.735284 86.846794 72.279982 -1.200000 
64.837519 57.445075 65.362364 -1.200000 
64.837519 57.445075 79.620896 -1.200000 
64.837519 71.703607 65.362364 -1.200000 
64.837519 71.703607 79.620896 -1.200000 
64.837519 85.962139 65.362364 -1.200000 
64.837519 85.962139 79.620896 -1.200000 
79.096051 57.445075 65.362364 -1.200000 
79.096051 57.445075 79.620896 -1.200000 
79.096051 71.703607 65.362364 -1.200000 
79.096051 71.703607 79.620896 -1.200000 
79.096051 85.962139 65.362364 -1.200000 
79.096051 85.962139 79.620896 -1.200000 
65.131023 65.293155 57.423384 -1.200000 
65.131023 65.293155 71.681916 -1.200000 
65.131023 65.293155 85.940448 -1.200000 
65.131023 79.551687 57.423384 -1.200000 
65.131023 79.551687 71.681916 -1.200000 
65.131023 79.551687 85.940448 -1.200000 
79.389555 65.293155 57.423384 -1.200000 
79.389555 65.293155 71.681916 -1.200000 
79.389555 65.293155 85.940448 -1.200000 
79.389555 79.551687 57.423384 -1.200000 
79.389555 79.551687 71.681916 -1.200000 
79.389555 79.551687 85.940448 -1.200000 
64.730066 65.593229 65.178259 -1.200000 
64.730066 65.593229 79.436791 -1.200000 
64.730066 79.851761 65.178259 -1.200000 
64.730066 79.851761 79.436791 -1.200000 
78.988598 65.593229 65.178259 -1.200000 
78.988598 65.593229 79.436791 -1.200000 
78.988598 79.851761 65.178259 -1.200000 
78.988598 79.851761 79.436791 -1.200000 
58.266535 60.742393 62.180981 -1.200000 
58.266535 60.742393 76.439513 -1.200000 
58.266535 75.000925 62.180981 -1.200000 
58.266535 75.000925 76.439513 -1.200000 
72.525067 60.742393 62.180981 -1.200000 
72.525067 60.742393 76.439513 -1.200000 
72.525067 75.000925 62.180981 -1.200000 
72.525067 75.000925 76.439513 -1.200000 
72.525067 75.000925 90.698045 -1.200000 
72.525067 89.259457 76.439513 -1.200000 
86.783599 60.742393 76.439513 -1.200000 
86.783599 75.000925 62.180981 -1.200000 
86.783599 75.000925 76.439513 -1.200000 
58.262549 61.905352 68.481535 -1.200000 
58.262549 61.905352 82.740067 -1.200000 
58.262549 76.163884 68.481535 -1.200000 
58.262549 76.163884 82.740067 -1.200000 
72.521081 61.905352 54.223003 -1.200000 
72.521081 61.905352 68.481535 -1.200000 
72.521081 61.905352 82.740067 -1.200000 
72.521081 76.163884 54.223003 -1.200000 
72.521081 76.163884 68.481535 -1.200000 
72.521081 76.163884 82.740067 -1.200000 
72.521081 90.422416 68.481535 -1.200000 
86.779613 61.905352 68.481535 -1.200000 
86.779613 76.163884 68.481535 -1.200000 
86.779613 76.163884 82.740067 -1.200000 
57.629892 69.168582 60.995033 -1.200000 
57.629892 69.168582 75.253565 -1.200000 
57.629892 83.427114 75.253565 -1.200000 
71.888424 54.910050 60.995033 -1.200000 
71.888424 54.910050 75.253565 -1.200000 
71.888424 69.168582 60.995033 -1.200000 
71.888424 69.168582 75.253565 -1.200000 
71.888424 83.427114 60.995033 -1.200000 
71.888424 83.427114 75.253565 -1.200000 
86.146956 69.168582 60.995033 -1.200000 
86.146956 69.168582 75.253565 -1.200000 
86.146956 83.427114 75.253565 -1.200000 
58.533629 68.148551 68.845704 -1.200000 
58.533629 68.148551 83.104236 -1.200000 
58.533629 82.407083 68.845704 -1.200000 
72.792161 53.890019 68.845704 -1.200000 
72.792161 68.148551 54.587172 -1.200000 
72.792161 68.148551 68.845704 -1.200000 
72.792161 82.407083 68.845704 -1.200000 
72.792161 82.407083 83.104236 -1.200000 
87.050693 68.148551 68.845704 -1.200000 
87.050693 68.148551 83.104236 -1.200000 
87.050693 82.407083 68.845704 -1.200000 
65.020401 61.888386 61.792063 -1.200000 
65.020401 61.888386 76.050595 -1.200000 
65.020401 76.146918 61.792063 -1.200000 
65.020401 76.146918 76.050595 -1.200000 
79.278933 61.888386 61.792063 -1.200000 
79.278933 61.888386 76.050595 -1.200000 
79.278933 76.146918 61.792063 -1.200000 
79.278933 76.146918 76.050595 -1.200000 
65.571912 60.943898 69.070616 -1.200000 
65.571912 60.943898 83.329148 -1.200000 
65.571912 75.202430 54.812084 -1.200000 
65.571912 75.202430 69.070616 -1.200000 
65.571912 75.202430 83.329148 -1.200000 
65.571912 89.460962 69.070616 -1.200000 
79.830444 60.943898 69.070616 -1.200000 
79.830444 60.943898 83.329148 -1.200000 
79.830444 75.202430 54.812084 -1.200000 
79.830444 75.202430 69.070616 -1.200000 
79.830444 75.202430 83.329148 -1.200000 
65.088309 53.429216 76.333573 -1.200000 
65.088309 67.687748 62.075041 -1.200000 
65.088309 67.687748 76.333573 -1.200000 
65.088309 81.946280 62.075041 -1.200000 
65.088309 81.946280 76.333573 -1.200000 
79.346841 67.687748 62.075041 -1.200000 
79.346841 67.687748 76.333573 -1.200000 
79.346841 81.946280 62.075041 -1.200000 
79.346841 81.946280 76.333573 -1.200000 
64.710401 55.209587 68.240241 -1.200000 
64.710401 69.468119 53.981709 -1.200000 
64.710401 69.468119 68.240241 -1.200000 
64.710401 69.468119 82.498773 -1.200000 
64.710401 83.726651 68.240241 -1.200000 
64.710401 83.726651 82.498773 -1.200000 
78.968933 55.209587 68.240241 -1.200000 
78.968933 69.468119 53.981709 -1.200000 
78.968933 69.468119 68.240241 -1.200000 
78.968933 69.468119 82.498773 -1.200000 
78.968933 83.726651 68.240241 -1.200000 
78.968933 83.726651 82.498773 -1.200000 
61.265909 62.165740 58.338336 -1.200000 
61.265909 62.165740 72.596868 -1.200000 
61.265909 76.424272 58.338336 -1.200000 
61.265909 76.424272 72.596868 -1.200000 
61.265909 76.424272 86.855400 -1.200000 
75.524441 62.165740 58.338336 -1.200000 
75.524441 62.165740 72.596868 -1.200000 
75.524441 62.165740 86.855400 -1.200000 
75.524441 76.424272 58.338336 -1.200000 
75.524441 76.424272 72.596868 -1.200000 
75.524441 76.424272 86.855400 -1.200000 
75.524441 90.682804 72.596868 -1.200000 
89.782973 76.424272 72.596868 -1.200000 
62.231676 60.818192 65.336368 -1.200000 
62.231676 60.818192 79.594900 -1.200000 
62.231676 75.076724 65.336368 -1.200000 
62.231676 75.076724 79.594900 -1.200000 
76.490208 60.818192 65.336368 -1.200000 
76.490208 60.818192 79.594900 -1.200000 
76.490208 75.076724 65.336368 -1.200000 
76.490208 75.076724 79.594900 -1.200000 
76.490208 89.335256 65.336368 -1.200000 
62.173636 67.768723 58.137610 -1.200000 
62.173636 67.768723 72.396142 -1.200000 
62.173636 67.768723 86.654674 -1.200000 
62.173636 82.027255 58.137610 -1.200000 
62.173636 82.027255 72.396142 -1.200000 
76.432168 53.510191 72.396142 -1.200000 
76.432168 67.768723 58.137610 -1.200000 
76.432168 67.768723 72.396142 -1.200000 
76.432168 67.768723 86.654674 -1.200000 
76.432168 82.027255 58.137610 -1.200000 
76.432168 82.027255 72.396142 -1.200000 
76.432168 82.027255 86.654674 -1.200000 
90.690700 67.768723 72.396142 -1.200000 
60.546355 69.123080 65.283392 -1.200000 
60.546355 69.123080 79.541924 -1.200000 
60.546355 83.381612 65.283392 -1.200000 
60.546355 83.381612 79.541924 -1.200000 
74.804887 54.864548 65.283392 -1.200000 
74.804887 54.864548 79.541924 -1.200000 
74.804887 69.123080 65.283392 -1.200000 
74.804887 69.123080 79.541924 -1.200000 
74.804887 83.381612 65.283392 -1.200000 
74.804887 83.381612 79.541924 -1.200000 
89.063419 69.123080 65.283392 -1.200000 
89.063419 69.123080 79.541924 -1.200000 
54.828102 60.984590 72.867306 -1.200000 
54.828102 75.243122 72.867306 -1.200000 
69.086634 60.984590 58.608774 -1.200000 
69.086634 60.984590 72.867306 -1.200000 
69.086634 60.984590 87.125838 -1.200000 
69.086634 75.243122 58.608774 -1.200000 
69.086634 75.243122 72.867306 -1.200000 
69.086634 89.501654 72.867306 -1.200000 
83.345166 60.984590 72.867306 -1.200000 
83.345166 75.243122 58.608774 -1.200000 
83.345166 75.243122 72.867306 -1.200000 
54.298814 75.214508 65.410892 -1.200000 
54.298814 75.214508 79.669424 -1.200000 
68.557346 60.955976 65.410892 -1.200000 
68.557346 60.955976 79.669424 -1.200000 
68.557346 75.214508 65.410892 -1.200000 
68.557346 75.214508 79.669424 -1.200000 
68.557346 89.473040 65.410892 -1.200000 
82.815878 60.955976 65.410892 -1.200000 
82.815878 60.955976 79.669424 -1.200000 
82.815878 75.214508 65.410892 -1.200000 
82.815878 75.214508 79.669424 -1.200000 
54.300558 68.929697 71.408183 -1.200000 
68.559090 54.671165 71.408183 -1.200000 
68.559090 68.929697 57.149651 -1.200000 
68.559090 68.929697 71.408183 -1.200000 
68.559090 83.188229 57.149651 -1.200000 
68.559090 83.188229 71.408183 -1.200000 
68.559090 83.188229 85.666715 -1.200000 
82.817622 68.929697 57.149651 -1.200000 
82.817622 68.929697 71.408183 -1.200000 
82.817622 68.929697 85.666715 -1.200000 
82.817622 83.188229 71.408183 -1.200000 
54.798315 68.380730 65.392034 -1.200000 
54.798315 68.380730 79.650566 -1.200000 
69.056847 54.122198 65.392034 -1.200000 
69.056847 54.122198 79.650566 -1.200000 
69.056847 68.380730 65.392034 -1.200000 
69.056847 68.380730 79.650566 -1.200000 
69.056847 82.639262 65.392034 -1.200000 
69.056847 82.639262 79.650566 -1.200000 
83.315379 68.380730 65.392034 -1.200000 
83.315379 68.380730 79.650566 -1.200000 
83.315379 82.639262 65.392034 -1.200000 
83.315379 82.639262 79.650566 -1.200000 
62.039579 57.759713 61.072480 -1.200000 
62.039579 57.759713 75.331012 -1.200000 
62.039579 72.018245 61.072480 -1.200000 
62.039579 72.018245 75.331012 -1.200000 
62.039579 86.276777 75.331012 -1.200000 
76.298111 57.759713 61.072480 -1.200000 
76.298111 57.759713 75.331012 -1.200000 
76.298111 72.018245 61.072480 -1.200000 
76.298111 72.018245 75.331012 -1.200000 
76.298111 72.018245 89.589544 -1.200000 
76.298111 86.276777 61.072480 -1.200000 
76.298111 86.276777 75.331012 -1.200000 
90.556643 72.018245 75.331012 -1.200000 
60.879768 58.461322 68.851352 -1.200000 
60.879768 72.719854 54.592820 -1.200000 
60.879768 72.719854 68.851352 -1.200000 
60.879768 72.719854 83.109884 -1.200000 
60.879768 86.978386 68.851352 -1.200000 
75.138300 58.461322 68.851352 -1.200000 
75.138300 58.461322 83.109884 -1.200000 
75.138300 72.719854 54.592820 -1.200000 
75.138300 72.719854 68.851352 -1.200000 
75.138300 86.978386 68.851352 -1.200000 
89.396832 72.719854 68.851352 -1.200000 
60.540892 65.285640 62.165848 -1.200000 
60.540892 65.285640 76.424380 -1.200000 
60.540892 79.544172 62.165848 -1.200000 
60.540892 79.544172 76.424380 -1.200000 
74.799424 65.285640 62.165848 -1.200000 
74.799424 65.285640 76.424380 -1.200000 
74.799424 79.544172 62.165848 -1.200000 
74.799424 79.544172 76.424380 -1.200000 
89.057956 65.285640 76.424380 -1.200000 
61.946266 65.200340 67.642383 -1.200000 
61.946266 65.200340 81.900915 -1.200000 
61.946266 79.458872 67.642383 -1.200000 
61.946266 79.458872 81.900915 -1.200000 
76.204798 65.200340 53.383851 -1.200000 
76.204798 65.200340 67.642383 -1.200000 
76.204798 65.200340 81.900915 -1.200000 
76.204798 79.458872 67.642383 -1.200000 
76.204798 79.458872 81.900915 -1.200000 
53.911491 71.796445 61.592401 -1.200000 
53.911491 71.796445 75.850933 -1.200000 
68.170023 57.537913 61.592401 -1.200000 
68.170023 57.537913 75.850933 -1.200000 
68.170023 71.796445 61.592401 -1.200000 
68.170023 71.796445 75.850933 -1.200000 
68.170023 71.796445 90.109465 -1.200000 
68.170023 86.054977 61.592401 -1.200000 
68.170023 86.054977 75.850933 -1.200000 
82.428555 57.537913 75.850933 -1.200000 
82.428555 71.796445 61.592401 -1.200000 
82.428555 71.796445 75.850933 -1.200000 
82.428555 86.054977 75.850933 -1.200000 
54.437564 72.739511 68.416706 -1.200000 
68.696096 58.480979 68.416706 -1.200000 
68.696096 58.480979 82.675238 -1.200000 
68.696096 72.739511 54.158174 -1.200000 
68.696096 72.739511 68.416706 -1.200000 
68.696096 86.998043 68.416706 -1.200000 
68.696096 86.998043 82.675238 -1.200000 
82.954628 58.480979 68.416706 -1.200000 
82.954628 72.739511 68.416706 -1.200000 
82.954628 72.739511 82.675238 -1.200000 
82.954628 86.998043 68.416706 -1.200000 
54.364066 65.585473 75.320064 -1.200000 
54.364066 79.844005 75.320064 -1.200000 
68.622598 65.585473 61.061532 -1.200000 
68.622598 65.585473 75.320064 -1.200000 
68.622598 65.585473 89.578596 -1.200000 
68.622598 79.844005 61.061532 -1.200000 
68.622598 79.844005 75.320064 -1.200000 
82.881130 65.585473 61.061532 -1.200000 
82.881130 65.585473 75.320064 -1.200000 
82.881130 79.844005 61.061532 -1.200000 
82.881130 79.844005 75.320064 -1.200000 
54.537800 64.964067 68.220369 -1.200000 
54.537800 79.222599 68.220369 -1.200000 
68.796332 64.964067 53.961837 -1.200000 
68.796332 64.964067 68.220369 -1.200000 
68.796332 64.964067 82.478901 -1.200000 
68.796332 79.222599 53.961837 -1.200000 
68.796332 79.222599 68.220369 -1.200000 
68.796332 79.222599 82.478901 -1.200000 
83.054864 64.964067 68.220369 -1.200000 
83.054864 64.964067 82.478901 -1.200000 
83.054864 79.222599 68.220369 -1.200000 
83.054864 79.222599 82.478901 -1.200000 
57.958547 59.206889 74.248460 -1.200000 
57.958547 73.465421 59.989928 -1.200000 
57.958547 73.465421 74.248460 -1.200000 
72.217079 59.206889 59.989928 -1.200000 
72.217079 59.206889 74.248460 -1.200000 
72.217079 73.465421 59.989928 -1.200000 
72.217079 73.465421 74.248460 -1.200000 
72.217079 87.723953 59.989928 -1.200000 
72.217079 87.723953 74.248460 -1.200000 
86.475611 59.206889 74.248460 -1.200000 
86.475611 73.465421 59.989928 -1.200000 
86.475611 73.465421 74.248460 -1.200000 
57.681418 59.878464 66.853775 -1.200000 
57.681418 74.136996 66.853775 -1.200000 
57.681418 74.136996 81.112307 -1.200000 
71.939950 59.878464 66.853775 -1.200000 
71.939950 59.878464 81.112307 -1.200000 
71.939950 74.136996 52.595243 -1.200000 
71.939950 74.136996 66.853775 -1.200000 
71.939950 74.136996 81.112307 -1.200000 
71.939950 88.395528 66.853775 -1.200000 
71.939950 88.395528 81.112307 -1.200000 
86.198482 59.878464 66.853775 -1.200000 
86.198482 74.136996 66.853775 -1.200000 
86.198482 74.136996 81.112307 -1.200000 
58.305233 67.473348 59.243152 -1.200000 
58.305233 67.473348 73.501684 -1.200000 
58.305233 81.731880 73.501684 -1.200000 
72.563765 53.214816 73.501684 -1.200000 
72.563765 67.473348 59.243152 -1.200000 
72.563765 67.473348 73.501684 -1.200000 
72.563765 81.731880 59.243152 -1.200000 
72.563765 81.731880 73.501684 -1.200000 
72.563765 81.731880 87.760216 -1.200000 
86.822297 67.473348 73.501684 -1.200000 
86.822297 81.731880 73.501684 -1.200000 
57.905938 66.507759 66.895989 -1.200000 
57.905938 66.507759 81.154521 -1.200000 
57.905938 80.766291 66.895989 -1.200000 
57.905938 80.766291 81.154521 -1.200000 
72.164470 52.249227 66.895989 -1.200000 
72.164470 66.507759 52.637457 -1.200000 
72.164470 66.507759 66.895989 -1.200000 
72.164470 66.507759 81.154521 -1.200000 
72.164470 80.766291 66.895989 -1.200000 
72.164470 80.766291 81.154521 -1.200000 
86.423002 66.507759 66.895989 -1.200000 
86.423002 66.507759 81.154521 -1.200000 
86.423002 80.766291 66.895989 -1.200000 
65.054712 60.115324 59.846067 -1.200000 
65.054712 60.115324 74.104599 -1.200000 
65.054712 74.373856 59.846067 -1.200000 
65.054712 74.373856 74.104599 -1.200000 
65.054712 74.373856 88.363131 -1.200000 
65.054712 88.632388 74.104599 -1.200000 
79.313244 60.115324 59.846067 -1.200000 
79.313244 60.115324 74.104599 -1.200000 
79.313244 74.373856 59.846067 -1.200000 
79.313244 74.373856 74.104599 -1.200000 
79.313244 74.373856 88.363131 -1.200000 
79.313244 88.632388 74.104599 -1.200000 
64.891331 59.564478 66.993044 -1.200000 
64.891331 59.564478 81.251576 -1.200000 
64.891331 73.823010 52.734512 -1.200000 
64.891331 73.823010 66.993044 -1.200000 
64.891331 73.823010 81.251576 -1.200000 
64.891331 88.081542 66.993044 -1.200000 
79.149863 59.564478 66.993044 -1.200000 
79.149863 59.564478 81.251576 -1.200000 
79.149863 73.823010 66.993044 -1.200000 
79.149863 73.823010 81.251576 -1.200000 
79.149863 88.081542 66.993044 -1.200000 
64.847752 66.383624 59.849543 -1.200000 
64.847752 66.383624 74.108075 -1.200000 
64.847752 66.383624 88.366607 -1.200000 
64.847752 80.642156 59.849543 -1.200000 
64.847752 80.642156 74.108075 -1.200000 
79.106284 66.383624 59.849543 -1.200000 
79.106284 66.383624 74.108075 -1.200000 
79.106284 66.383624 88.366607 -1.200000 
79.106284 80.642156 59.849543 -1.200000 
79.106284 80.642156 74.108075 -1.200000 
65.530578 53.452665 66.500973 -1.200000 
65.530578 67.711197 66.500973 -1.200000 
65.530578 67.711197 80.759505 -1.200000 
65.530578 81.969729 66.500973 -1.200000 
65.530578 81.969729 80.759505 -1.200000 
79.789110 67.711197 66.500973 -1.200000 
79.789110 67.711197 80.759505 -1.200000 
79.789110 81.969729 66.500973 -1.200000 
79.789110 81.969729 80.759505 -1.200000 
57.981277 62.779564 63.637519 -1.200000 
57.981277 62.779564 77.896051 -1.200000 
57.981277 77.038096 63.637519 -1.200000 
57.981277 77.038096 77.896051 -1.200000 
72.239809 62.779564 63.637519 -1.200000 
72.239809 62.779564 77.896051 -1.200000 
72.239809 77.038096 63.637519 -1.200000 
72.239809 77.038096 77.896051 -1.200000 
86.498341 62.779564 63.637519 -1.200000 
86.498341 62.779564 77.896051 -1.200000 
86.498341 77.038096 63.637519 -1.200000 
86.498341 77.038096 77.896051 -1.200000 
57.854927 63.721666 70.257236 -1.200000 
57.854927 77.980198 70.257236 -1.200000 
72.113459 63.721666 55.998704 -1.200000 
72.113459 63.721666 70.257236 -1.200000 
72.113459 63.721666 84.515768 -1.200000 
72.113459 77.980198 55.998704 -1.200000 
72.113459 77.980198 70.257236 -1.200000 
72.113459 77.980198 84.515768 -1.200000 
86.371991 63.721666 70.257236 -1.200000 
86.371991 77.980198 70.257236 -1.200000 
57.598683 70.858300 62.908176 -1.200000 
57.598683 70.858300 77.166708 -1.200000 
71.857215 56.599768 62.908176 -1.200000 
71.857215 56.599768 77.166708 -1.200000 
71.857215 70.858300 62.908176 -1.200000 
71.857215 70.858300 77.166708 -1.200000 
71.857215 85.116832 62.908176 -1.200000 
71.857215 85.116832 77.166708 -1.200000 
86.115747 70.858300 62.908176 -1.200000 
86.115747 70.858300 77.166708 -1.200000 
58.069132 69.877925 56.456546 -1.200000 
58.069132 69.877925 70.715078 -1.200000 
58.069132 69.877925 84.973610 -1.200000 
58.069132 84.136457 70.715078 -1.200000 
72.327664 55.619393 70.715078 -1.200000 
72.327664 69.877925 56.456546 -1.200000 
72.327664 69.877925 70.715078 -1.200000 
72.327664 84.136457 56.456546 -1.200000 
72.327664 84.136457 70.715078 -1.200000 
72.327664 84.136457 84.973610 -1.200000 
86.586196 69.877925 70.715078 -1.200000 
86.586196 84.136457 70.715078 -1.200000 
65.028204 64.001492 63.190091 -1.200000 
65.028204 64.001492 77.448623 -1.200000 
65.028204 78.260024 63.190091 -1.200000 
65.028204 78.260024 77.448623 -1.200000 
79.286736 64.001492 63.190091 -1.200000 
79.286736 64.001492 77.448623 -1.200000 
79.286736 78.260024 63.190091 -1.200000 
79.286736 78.260024 77.448623 -1.200000 
65.250408 62.838620 56.615598 -1.200000 
65.250408 62.838620 70.874130 -1.200000 
65.250408 62.838620 85.132662 -1.200000 
65.250408 77.097152 56.615598 -1.200000 
65.250408 77.097152 70.874130 -1.200000 
65.250408 77.097152 85.132662 -1.200000 
79.508940 62.838620 56.615598 -1.200000 
79.508940 62.838620 70.874130 -1.200000 
79.508940 62.838620 85.132662 -1.200000 
79.508940 77.097152 56.615598 -1.200000 
79.508940 77.097152 70.874130 -1.200000 
79.508940 77.097152 85.132662 -1.200000 
65.026042 55.615463 63.473589 -1.200000 
65.026042 55.615463 77.732121 -1.200000 
65.026042 69.873995 63.473589 -1.200000 
65.026042 69.873995 77.732121 -1.200000 
65.026042 84.132527 63.473589 -1.200000 
65.026042 84.132527 77.732121 -1.200000 
79.284574 55.615463 63.473589 -1.200000 
79.284574 55.615463 77.732121 -1.200000 
79.284574 69.873995 63.473589 -1.200000 
79.284574 69.873995 77.732121 -1.200000 
79.284574 84.132527 63.473589 -1.200000 
79.284574 84.132527 77.732121 -1.200000 
65.099944 56.672813 70.374226 -1.200000 
65.099944 70.931345 56.115694 -1.200000 
65.099944 70.931345 70.374226 -1.200000 
65.099944 70.931345 84.632758 -1.200000 
65.099944 85.189877 70.374226 -1.200000 
79.358476 56.672813 70.374226 -1.200000 
79.358476 70.931345 56.115694 -1.200000 
79.358476 70.931345 70.374226 -1.200000 
79.358476 70.931345 84.632758 -1.200000 
79.358476 85.189877 70.374226 -1.200000 
61.499916 63.988659 60.133043 -1.200000 
61.499916 63.988659 74.391575 -1.200000 
61.499916 78.247191 60.133043 -1.200000 
61.499916 78.247191 74.391575 -1.200000 
75.758448 63.988659 60.133043 -1.200000 
75.758448 63.988659 74.391575 -1.200000 
75.758448 63.988659 88.650107 -1.200000 
75.758448 78.247191 60.133043 -1.200000 
75.758448 78.247191 74.391575 -1.200000 
75.758448 78.247191 88.650107 -1.200000 
61.397080 62.934590 66.578753 -1.200000 
61.397080 62.934590 80.837285 -1.200000 
61.397080 77.193122 66.578753 -1.200000 
61.397080 77.193122 80.837285 -1.200000 
75.655612 62.934590 66.578753 -1.200000 
75.655612 62.934590 80.837285 -1.200000 
75.655612 77.193122 66.578753 -1.200000 
75.655612 77.193122 80.837285 -1.200000 
61.462390 55.818540 73.627148 -1.200000 
61.462390 70.077072 59.368616 -1.200000 
61.462390 70.077072 73.627148 -1.200000 
61.462390 70.077072 87.885680 -1.200000 
61.462390 84.335604 73.627148 -1.200000 
75.720922 55.818540 73.627148 -1.200000 
75.720922 70.077072 59.368616 -1.200000 
75.720922 70.077072 73.627148 -1.200000 
75.720922 70.077072 87.885680 -1.200000 
75.720922 84.335604 59.368616 -1.200000 
75.720922 84.335604 73.627148 -1.200000 
89.979454 70.077072 73.627148 -1.200000 
61.495766 56.665892 66.919677 -1.200000 
61.495766 70.924424 66.919677 -1.200000 
61.495766 70.924424 81.178209 -1.200000 
61.495766 85.182956 66.919677 -1.200000 
61.495766 85.182956 81.178209 -1.200000 
75.754298 56.665892 66.919677 -1.200000 
75.754298 56.665892 81.178209 -1.200000 
75.754298 70.924424 52.661145 -1.200000 
75.754298 70.924424 66.919677 -1.200000 
75.754298 70.924424 81.178209 -1.200000 
75.754298 85.182956 66.919677 -1.200000 
75.754298 85.182956 81.178209 -1.200000 
90.012830 70.924424 66.919677 -1.200000 
54.811888 63.271316 74.135902 -1.200000 
54.811888 77.529848 74.135902 -1.200000 
69.070420 63.271316 59.877370 -1.200000 
69.070420 63.271316 74.135902 -1.200000 
69.070420 63.271316 88.394434 -1.200000 
69.070420 77.529848 59.877370 -1.200000 
69.070420 77.529848 74.135902 -1.200000 
69.070420 77.529848 88.394434 -1.200000 
83.328952 63.271316 59.877370 -1.200000 
83.328952 63.271316 74.135902 -1.200000 
83.328952 77.529848 59.877370 -1.200000 
83.328952 77.529848 74.135902 -1.200000 
53.825565 63.287042 66.500121 -1.200000 
53.825565 77.545574 66.500121 -1.200000 
68.084097 63.287042 66.500121 -1.200000 
68.084097 63.287042 80.758653 -1.200000 
68.084097 77.545574 66.500121 -1.200000 
68.084097 77.545574 80.758653 -1.200000 
82.342629 63.287042 66.500121 -1.200000 
82.342629 63.287042 80.758653 -1.200000 
82.342629 77.545574 66.500121 -1.200000 
82.342629 77.545574 80.758653 -1.200000 
53.873761 70.162923 73.648398 -1.200000 
68.132293 55.904391 59.389866 -1.200000 
68.132293 55.904391 73.648398 -1.200000 
68.132293 70.162923 59.389866 -1.200000 
68.132293 70.162923 73.648398 -1.200000 
68.132293 84.421455 59.389866 -1.200000 
68.132293 84.421455 73.648398 -1.200000 
82.390825 55.904391 73.648398 -1.200000 
82.390825 70.162923 59.389866 -1.200000 
82.390825 70.162923 73.648398 -1.200000 
82.390825 84.421455 73.648398 -1.200000 
54.793473 70.556083 66.971214 -1.200000 
54.793473 70.556083 81.229746 -1.200000 
69.052005 56.297551 66.971214 -1.200000 
69.052005 56.297551 81.229746 -1.200000 
69.052005 70.556083 52.712682 -1.200000 
69.052005 70.556083 66.971214 -1.200000 
69.052005 84.814615 66.971214 -1.200000 
69.052005 84.814615 81.229746 -1.200000 
83.310537 56.297551 66.971214 -1.200000 
83.310537 70.556083 66.971214 -1.200000 
83.310537 70.556083 81.229746 -1.200000 
83.310537 84.814615 66.971214 -1.200000 
61.639343 59.206574 63.365980 -1.200000 
61.639343 59.206574 77.624512 -1.200000 
61.639343 73.465106 63.365980 -1.200000 
61.639343 73.465106 77.624512 -1.200000 
75.897875 59.206574 63.365980 -1.200000 
75.897875 59.206574 77.624512 -1.200000 
75.897875 73.465106 63.365980 -1.200000 
75.897875 73.465106 77.624512 -1.200000 
75.897875 87.723638 63.365980 -1.200000 
75.897875 87.723638 77.624512 -1.200000 
61.342830 60.022164 70.970294 -1.200000 
61.342830 74.280696 56.711762 -1.200000 
61.342830 74.280696 70.970294 -1.200000 
61.342830 74.280696 85.228826 -1.200000 
61.342830 88.539228 70.970294 -1.200000 
75.601362 60.022164 56.711762 -1.200000 
75.601362 60.022164 70.970294 -1.200000 
75.601362 60.022164 85.228826 -1.200000 
75.601362 74.280696 56.711762 -1.200000 
75.601362 74.280696 70.970294 -1.200000 
75.601362 74.280696 85.228826 -1.200000 
75.601362 88.539228 70.970294 -1.200000 
89.859894 74.280696 70.970294 -1.200000 
61.346673 67.337223 63.576895 -1.200000 
61.346673 67.337223 77.835427 -1.200000 
61.346673 81.595755 63.576895 -1.200000 
61.346673 81.595755 77.835427 -1.200000 
75.605205 53.078691 77.835427 -1.200000 
75.605205 67.337223 63.576895 -1.200000 
75.605205 67.337223 77.835427 -1.200000 
75.605205 81.595755 63.576895 -1.200000 
75.605205 81.595755 77.835427 -1.200000 
61.815992 66.470463 55.740571 -1.200000 
61.815992 66.470463 69.999103 -1.200000 
61.815992 66.470463 84.257635 -1.200000 
61.815992 80.728995 69.999103 -1.200000 
61.815992 80.728995 84.257635 -1.200000 
76.074524 52.211931 69.999103 -1.200000 
76.074524 66.470463 55.740571 -1.200000 
76.074524 66.470463 69.999103 -1.200000 
76.074524 66.470463 84.257635 -1.200000 
76.074524 80.728995 55.740571 -1.200000 
76.074524 80.728995 69.999103 -1.200000 
76.074524 80.728995 84.257635 -1.200000 
90.333056 66.470463 69.999103 -1.200000 
53.973965 74.020262 63.061019 -1.200000 
53.973965 74.020262 77.319551 -1.200000 
68.232497 59.761730 63.061019 -1.200000 
68.232497 59.761730 77.319551 -1.200000 
68.232497 74.020262 63.061019 -1.200000 
68.232497 74.020262 77.319551 -1.200000 
68.232497 88.278794 63.061019 -1.200000 
68.232497 88.278794 77.319551 -1.200000 
82.491029 59.761730 63.061019 -1.200000 
82.491029 59.761730 77.319551 -1.200000 
82.491029 74.020262 63.061019 -1.200000 
82.491029 74.020262 77.319551 -1.200000 
54.799287 73.509112 70.928423 -1.200000 
69.057819 59.250580 56.669891 -1.200000 
69.057819 59.250580 70.928423 -1.200000 
69.057819 59.250580 85.186955 -1.200000 
69.057819 73.509112 56.669891 -1.200000 
69.057819 73.509112 70.928423 -1.200000 
69.057819 87.767644 70.928423 -1.200000 
83.316351 59.250580 70.928423 -1.200000 
83.316351 73.509112 56.669891 -1.200000 
83.316351 73.509112 70.928423 -1.200000 
83.316351 73.509112 85.186955 -1.200000 
55.011742 66.651815 63.319978 -1.200000 
55.011742 66.651815 77.578510 -1.200000 
55.011742 80.910347 77.578510 -1.200000 
69.270274 66.651815 63.319978 -1.200000 
69.270274 66.651815 77.578510 -1.200000 
69.270274 80.910347 63.319978 -1.200000 
69.270274 80.910347 77.578510 -1.200000 
83.528806 66.651815 63.319978 -1.200000 
83.528806 66.651815 77.578510 -1.200000 
83.528806 80.910347 63.319978 -1.200000 
83.528806 80.910347 77.578510 -1.200000 
54.055509 66.628140 70.099779 -1.200000 
54.055509 80.886672 70.099779 -1.200000 
68.314041 52.369608 70.099779 -1.200000 
68.314041 66.628140 55.841247 -1.200000 
68.314041 66.628140 70.099779 -1.200000 
68.314041 66.628140 84.358311 -1.200000 
68.314041 80.886672 55.841247 -1.200000 
68.314041 80.886672 70.099779 -1.200000 
68.314041 80.886672 84.358311 -1.200000 
82.572573 66.628140 55.841247 -1.200000 
82.572573 66.628140 70.099779 -1.200000 
82.572573 66.628140 84.358311 -1.200000 
82.572573 80.886672 70.099779 -1.200000 
82.572573 80.886672 84.358311 -1.200000 
60.298942 58.240603 73.348475 -1.200000 
60.298942 72.499135 59.089943 -1.200000 
60.298942 72.499135 73.348475 -1.200000 
60.298942 72.499135 87.607007 -1.200000 
60.298942 86.757667 73.348475 -1.200000 
74.557474 58.240603 59.089943 -1.200000 
74.557474 58.240603 73.348475 -1.200000 
74.557474 72.499135 59.089943 -1.200000 
74.557474 72.499135 73.348475 -1.200000 
74.557474 86.757667 59.089943 -1.200000 
74.557474 86.757667 73.348475 -1.200000 
88.816006 72.499135 73.348475 -1.200000 
59.152723 57.728409 67.055545 -1.200000 
59.152723 71.986941 67.055545 -1.200000 
59.152723 71.986941 81.314077 -1.200000 
59.152723 86.245473 67.055545 -1.200000 
73.411255 57.728409 67.055545 -1.200000 
73.411255 57.728409 81.314077 -1.200000 
73.411255 71.986941 52.797013 -1.200000 
73.411255 71.986941 67.055545 -1.200000 
73.411255 86.245473 67.055545 -1.200000 
73.411255 86.245473 81.314077 -1.200000 
87.669787 71.986941 67.055545 -1.200000 
87.669787 71.986941 81.314077 -1.200000 
59.217722 65.142234 60.004735 -1.200000 
59.217722 65.142234 74.263267 -1.200000 
59.217722 79.400766 60.004735 -1.200000 
59.217722 79.400766 74.263267 -1.200000 
73.476254 65.142234 60.004735 -1.200000 
73.476254 65.142234 74.263267 -1.200000 
73.476254 65.142234 88.521799 -1.200000 
73.476254 79.400766 60.004735 -1.200000 
73.476254 79.400766 74.263267 -1.200000 
73.476254 79.400766 88.521799 -1.200000 
87.734786 65.142234 74.263267 -1.200000 
87.734786 79.400766 74.263267 -1.200000 
59.776135 64.977128 65.965493 -1.200000 
59.776135 64.977128 80.224025 -1.200000 
59.776135 79.235660 65.965493 -1.200000 
59.776135 79.235660 80.224025 -1.200000 
74.034667 64.977128 65.965493 -1.200000 
74.034667 64.977128 80.224025 -1.200000 
74.034667 79.235660 65.965493 -1.200000 
74.034667 79.235660 80.224025 -1.200000 
88.293199 64.977128 65.965493 -1.200000 
88.293199 79.235660 65.965493 -1.200000 
51.908029 71.849881 74.054507 -1.200000 
66.166561 57.591349 59.795975 -1.200000 
66.166561 57.591349 74.054507 -1.200000 
66.166561 71.849881 59.795975 -1.200000 
66.166561 71.849881 74.054507 -1.200000 
66.166561 71.849881 88.313039 -1.200000 
66.166561 86.108413 59.795975 -1.200000 
66.166561 86.108413 74.054507 -1.200000 
80.425093 57.591349 74.054507 -1.200000 
80.425093 71.849881 59.795975 -1.200000 
80.425093 71.849881 74.054507 -1.200000 
80.425093 71.849881 88.313039 -1.200000 
80.425093 86.108413 74.054507 -1.200000 
52.652905 72.092714 66.665512 -1.200000 
66.911437 57.834182 66.665512 -1.200000 
66.911437 57.834182 80.924044 -1.200000 
66.911437 72.092714 52.406980 -1.200000 
66.911437 72.092714 66.665512 -1.200000 
66.911437 72.092714 80.924044 -1.200000 
66.911437 86.351246 66.665512 -1.200000 
66.911437 86.351246 80.924044 -1.200000 
81.169969 57.834182 66.665512 -1.200000 
81.169969 57.834182 80.924044 -1.200000 
81.169969 72.092714 66.665512 -1.200000 
81.169969 72.092714 80.924044 -1.200000 
81.169969 86.351246 66.665512 -1.200000 
66.771063 64.706751 59.395645 -1.200000 
66.771063 64.706751 73.654177 -1.200000 
66.771063 64.706751 87.912709 -1.200000 
66.771063 78.965283 59.395645 -1.200000 
66.771063 78.965283 73.654177 -1.200000 
66.771063 78.965283 87.912709 -1.200000 
81.029595 64.706751 59.395645 -1.200000 
81.029595 64.706751 73.654177 -1.200000 
81.029595 78.965283 59.395645 -1.200000 
81.029595 78.965283 73.654177 -1.200000 
66.348133 65.149817 52.954920 -1.200000 
66.348133 65.149817 67.213452 -1.200000 
66.348133 65.149817 81.471984 -1.200000 
66.348133 79.408349 67.213452 -1.200000 
66.348133 79.408349 81.471984 -1.200000 
80.606665 65.149817 67.213452 -1.200000 
80.606665 65.149817 81.471984 -1.200000 
80.606665 79.408349 67.213452 -1.200000 
80.606665 79.408349 81.471984 -1.200000 
60.254743 61.418447 63.634348 -1.200000 
60.254743 61.418447 77.892880 -1.200000 
60.254743 75.676979 63.634348 -1.200000 
60.254743 75.676979 77.892880 -1.200000 
74.513275 61.418447 63.634348 -1.200000 
74.513275 61.418447 77.892880 -1.200000 
74.513275 75.676979 63.634348 -1.200000 
74.513275 75.676979 77.892880 -1.200000 
88.771807 75.676979 63.634348 -1.200000 
88.771807 75.676979 77.892880 -1.200000 
59.942661 62.249330 70.446187 -1.200000 
59.942661 62.249330 84.704719 -1.200000 
59.942661 76.507862 56.187655 -1.200000 
59.942661 76.507862 70.446187 -1.200000 
59.942661 76.507862 84.704719 -1.200000 
74.201193 62.249330 56.187655 -1.200000 
74.201193 62.249330 70.446187 -1.200000 
74.201193 62.249330 84.704719 -1.200000 
74.201193 76.507862 56.187655 -1.200000 
74.201193 76.507862 70.446187 -1.200000 
74.201193 76.507862 84.704719 -1.200000 
74.201193 90.766394 70.446187 -1.200000 
88.459725 62.249330 70.446187 -1.200000 
88.459725 76.507862 70.446187 -1.200000 
59.382701 68.999727 62.885801 -1.200000 
59.382701 68.999727 77.144333 -1.200000 
59.382701 83.258259 62.885801 -1.200000 
59.382701 83.258259 77.144333 -1.200000 
73.641233 54.741195 62.885801 -1.200000 
73.641233 54.741195 77.144333 -1.200000 
73.641233 68.999727 62.885801 -1.200000 
73.641233 68.999727 77.144333 -1.200000 
73.641233 83.258259 62.885801 -1.200000 
73.641233 83.258259 77.144333 -1.200000 
87.899765 68.999727 62.885801 -1.200000 
87.899765 68.999727 77.144333 -1.200000 
60.243046 68.358588 56.461294 -1.200000 
60.243046 68.358588 70.719826 -1.200000 
60.243046 68.358588 84.978358 -1.200000 
60.243046 82.617120 70.719826 -1.200000 
74.501578 54.100056 70.719826 -1.200000 
74.501578 68.358588 56.461294 -1.200000 
74.501578 68.358588 70.719826 -1.200000 
74.501578 82.617120 56.461294 -1.200000 
74.501578 82.617120 70.719826 -1.200000 
74.501578 82.617120 84.978358 -1.200000 
88.760110 68.358588 70.719826 -1.200000 
66.763609 61.952374 63.703258 -1.200000 
66.763609 61.952374 77.961790 -1.200000 
66.763609 76.210906 63.703258 -1.200000 
66.763609 76.210906 77.961790 -1.200000 
81.022141 61.952374 63.703258 -1.200000 
81.022141 61.952374 77.961790 -1.200000 
81.022141 76.210906 63.703258 -1.200000 
81.022141 76.210906 77.961790 -1.200000 
53.213633 75.601881 70.851369 -1.200000 
67.472165 61.343349 56.592837 -1.200000 
67.472165 61.343349 70.851369 -1.200000 
67.472165 61.343349 85.109901 -1.200000 
67.472165 75.601881 56.592837 -1.200000 
67.472165 75.601881 70.851369 -1.200000 
67.472165 75.601881 85.109901 -1.200000 
67.472165 89.860413 70.851369 -1.200000 
81.730697 61.343349 70.851369 -1.200000 
81.730697 61.343349 85.109901 -1.200000 
81.730697 75.601881 56.592837 -1.200000 
81.730697 75.601881 70.851369 -1.200000 
81.730697 75.601881 85.109901 -1.200000 
53.028425 68.406999 77.704217 -1.200000 
67.286957 54.148467 63.445685 -1.200000 
67.286957 54.148467 77.704217 -1.200000 
67.286957 68.406999 63.445685 -1.200000 
67.286957 68.406999 77.704217 -1.200000 
67.286957 82.665531 63.445685 -1.200000 
67.286957 82.665531 77.704217 -1.200000 
81.545489 68.406999 63.445685 -1.200000 
81.545489 68.406999 77.704217 -1.200000 
81.545489 82.665531 63.445685 -1.200000 
81.545489 82.665531 77.704217 -1.200000 
51.952714 68.534367 70.128665 -1.200000 
66.211246 54.275835 70.128665 -1.200000 
66.211246 68.534367 55.870133 -1.200000 
66.211246 68.534367 70.128665 -1.200000 
66.211246 68.534367 84.387197 -1.200000 
66.211246 82.792899 55.870133 -1.200000 
66.211246 82.792899 70.128665 -1.200000 
66.211246 82.792899 84.387197 -1.200000 
80.469778 54.275835 70.128665 -1.200000 
80.469778 68.534367 55.870133 -1.200000 
80.469778 68.534367 70.128665 -1.200000 
80.469778 68.534367 84.387197 -1.200000 
80.469778 82.792899 70.128665 -1.200000 
80.469778 82.792899 84.387197 -1.200000 
63.357128 62.123860 59.770170 -1.200000 
63.357128 62.123860 74.028702 -1.200000 
63.357128 76.382392 59.770170 -1.200000 
63.357128 76.382392 74.028702 -1.200000 
63.357128 76.382392 88.287234 -1.200000 
77.615660 62.123860 59.770170 -1.200000 
77.615660 62.123860 74.028702 -1.200000 
77.615660 76.382392 59.770170 -1.200000 
77.615660 76.382392 74.028702 -1.200000 
77.615660 76.382392 88.287234 -1.200000 
63.655819 61.789313 67.419650 -1.200000 
63.655819 61.789313 81.678182 -1.200000 
63.655819 76.047845 67.419650 -1.200000 
63.655819 76.047845 81.678182 -1.200000 
77.914351 61.789313 67.419650 -1.200000 
77.914351 61.789313 81.678182 -1.200000 
77.914351 76.047845 53.161118 -1.200000 
77.914351 76.047845 67.419650 -1.200000 
77.914351 76.047845 81.678182 -1.200000 
63.450272 54.274612 74.516664 -1.200000 
63.450272 68.533144 60.258132 -1.200000 
63.450272 68.533144 74.516664 -1.200000 
63.450272 68.533144 88.775196 -1.200000 
63.450272 82.791676 60.258132 -1.200000 
63.450272 82.791676 74.516664 -1.200000 
77.708804 54.274612 74.516664 -1.200000 
77.708804 68.533144 60.258132 -1.200000 
77.708804 68.533144 74.516664 -1.200000 
77.708804 68.533144 88.775196 -1.200000 
77.708804 82.791676 60.258132 -1.200000 
77.708804 82.791676 74.516664 -1.200000 
63.001482 54.567598 66.379072 -1.200000 
63.001482 68.826130 66.379072 -1.200000 
63.001482 68.826130 80.637604 -1.200000 
63.001482 83.084662 66.379072 -1.200000 
63.001482 83.084662 80.637604 -1.200000 
77.260014 54.567598 66.379072 -1.200000 
77.260014 68.826130 66.379072 -1.200000 
77.260014 68.826130 80.637604 -1.200000 
77.260014 83.084662 66.379072 -1.200000 
77.260014 83.084662 80.637604 -1.200000 
56.547216 61.320944 74.755104 -1.200000 
56.547216 75.579476 60.496572 -1.200000 
56.547216 75.579476 74.755104 -1.200000 
70.805748 61.320944 60.496572 -1.200000 
70.805748 61.320944 74.755104 -1.200000 
70.805748 75.579476 60.496572 -1.200000 
70.805748 75.579476 74.755104 -1.200000 
70.805748 75.579476 89.013636 -1.200000 
70.805748 89.838008 74.755104 -1.200000 
85.064280 61.320944 74.755104 -1.200000 
85.064280 75.579476 60.496572 -1.200000 
85.064280 75.579476 74.755104 -1.200000 
56.084871 62.069577 66.978424 -1.200000 
56.084871 76.328109 66.978424 -1.200000 
56.084871 76.328109 81.236956 -1.200000 
70.343403 62.069577 66.978424 -1.200000 
70.343403 62.069577 81.236956 -1.200000 
70.343403 76.328109 52.719892 -1.200000 
70.343403 76.328109 66.978424 -1.200000 
70.343403 76.328109 81.236956 -1.200000 
70.343403 90.586641 66.978424 -1.200000 
84.601935 62.069577 66.978424 -1.200000 
84.601935 62.069577 81.236956 -1.200000 
84.601935 76.328109 66.978424 -1.200000 
84.601935 76.328109 81.236956 -1.200000 
55.830282 68.475285 59.191582 -1.200000 
55.830282 68.475285 73.450114 -1.200000 
55.830282 82.733817 73.450114 -1.200000 
70.088814 54.216753 73.450114 -1.200000 
70.088814 68.475285 59.191582 -1.200000 
70.088814 68.475285 73.450114 -1.200000 
70.088814 82.733817 59.191582 -1.200000 
70.088814 82.733817 73.450114 -1.200000 
84.347346 68.475285 59.191582 -1.200000 
84.347346 68.475285 73.450114 -1.200000 
84.347346 82.733817 73.450114 -1.200000 
56.309180 68.466778 67.519212 -1.200000 
56.309180 68.466778 81.777744 -1.200000 
56.309180 82.725310 67.519212 -1.200000 
70.567712 54.208246 67.519212 -1.200000 
70.567712 68.466778 53.260680 -1.200000 
70.567712 68.466778 67.519212 -1.200000 
70.567712 82.725310 67.519212 -1.200000 
70.567712 82.725310 81.777744 -1.200000 
84.826244 68.466778 67.519212 -1.200000 
84.826244 68.466778 81.777744 -1.200000 
84.826244 82.725310 67.519212 -1.200000 
63.880660 58.041715 63.003166 -1.200000 
63.880660 58.041715 77.261698 -1.200000 
63.880660 72.300247 63.003166 -1.200000 
63.880660 72.300247 77.261698 -1.200000 
63.880660 86.558779 63.003166 -1.200000 
63.880660 86.558779 77.261698 -1.200000 
78.139192 58.041715 63.003166 -1.200000 
78.139192 58.041715 77.261698 -1.200000 
78.139192 72.300247 63.003166 -1.200000 
78.139192 72.300247 77.261698 -1.200000 
78.139192 86.558779 63.003166 -1.200000 
78.139192 86.558779 77.261698 -1.200000 
62.572724 57.645695 70.657326 -1.200000 
62.572724 71.904227 56.398794 -1.200000 
62.572724 71.904227 70.657326 -1.200000 
62.572724 71.904227 84.915858 -1.200000 
62.572724 86.162759 70.657326 -1.200000 
76.831256 57.645695 70.657326 -1.200000 
76.831256 71.904227 56.398794 -1.200000 
76.831256 71.904227 70.657326 -1.200000 
76.831256 71.904227 84.915858 -1.200000 
76.831256 86.162759 70.657326 -1.200000 
91.089788 71.904227 70.657326 -1.200000 
62.533924 64.913465 63.815232 -1.200000 
62.533924 64.913465 78.073764 -1.200000 
62.533924 79.171997 63.815232 -1.200000 
62.533924 79.171997 78.073764 -1.200000 
76.792456 64.913465 63.815232 -1.200000 
76.792456 64.913465 78.073764 -1.200000 
76.792456 79.171997 63.815232 -1.200000 
76.792456 79.171997 78.073764 -1.200000 
63.698802 64.698769 55.383087 -1.200000 
63.698802 64.698769 69.641619 -1.200000 
63.698802 64.698769 83.900151 -1.200000 
63.698802 78.957301 55.383087 -1.200000 
63.698802 78.957301 69.641619 -1.200000 
63.698802 78.957301 83.900151 -1.200000 
77.957334 64.698769 55.383087 -1.200000 
77.957334 64.698769 69.641619 -1.200000 
77.957334 64.698769 83.900151 -1.200000 
77.957334 78.957301 55.383087 -1.200000 
77.957334 78.957301 69.641619 -1.200000 
77.957334 78.957301 83.900151 -1.200000 
55.394233 71.818018 63.808450 -1.200000 
55.394233 71.818018 78.066982 -1.200000 
69.652765 57.559486 63.808450 -1.200000 
69.652765 57.559486 78.066982 -1.200000 
69.652765 71.818018 63.808450 -1.200000 
69.652765 71.818018 78.066982 -1.200000 
69.652765 86.076550 63.808450 -1.200000 
69.652765 86.076550 78.066982 -1.200000 
83.911297 57.559486 78.066982 -1.200000 
83.911297 71.818018 63.808450 -1.200000 
83.911297 71.818018 78.066982 -1.200000 
56.553159 71.949380 69.848124 -1.200000 
56.553159 71.949380 84.106656 -1.200000 
70.811691 57.690848 69.848124 -1.200000 
70.811691 57.690848 84.106656 -1.200000 
70.811691 71.949380 55.589592 -1.200000 
70.811691 71.949380 69.848124 -1.200000 
70.811691 86.207912 69.848124 -1.200000 
70.811691 86.207912 84.106656 -1.200000 
85.070223 57.690848 69.848124 -1.200000 
85.070223 71.949380 69.848124 -1.200000 
85.070223 71.949380 84.106656 -1.200000 
56.338409 64.605411 62.508582 -1.200000 
56.338409 64.605411 76.767114 -1.200000 
56.338409 78.863943 62.508582 -1.200000 
56.338409 78.863943 76.767114 -1.200000 
70.596941 64.605411 62.508582 -1.200000 
70.596941 64.605411 76.767114 -1.200000 
70.596941 78.863943 62.508582 -1.200000 
70.596941 78.863943 76.767114 -1.200000 
84.855473 64.605411 62.508582 -1.200000 
84.855473 64.605411 76.767114 -1.200000 
84.855473 78.863943 62.508582 -1.200000 
84.855473 78.863943 76.767114 -1.200000 
55.525198 64.531489 70.701731 -1.200000 
55.525198 78.790021 70.701731 -1.200000 
69.783730 64.531489 56.443199 -1.200000 
69.783730 64.531489 70.701731 -1.200000 
69.783730 64.531489 84.960263 -1.200000 
69.783730 78.790021 56.443199 -1.200000 
69.783730 78.790021 70.701731 -1.200000 
69.783730 78.790021 84.960263 -1.200000 
84.042262 64.531489 70.701731 -1.200000 
84.042262 64.531489 84.960263 -1.200000 
84.042262 78.790021 70.701731 -1.200000 
59.541727 62.940568 61.486499 -1.200000 
59.541727 62.940568 75.745031 -1.200000 
59.541727 77.199100 61.486499 -1.200000 
59.541727 77.199100 75.745031 -1.200000 
73.800259 62.940568 61.486499 -1.200000 
73.800259 62.940568 75.745031 -1.200000 
73.800259 77.199100 61.486499 -1.200000 
73.800259 77.199100 75.745031 -1.200000 
73.800259 77.199100 90.003563 -1.200000 
88.058791 62.940568 75.745031 -1.200000 
88.058791 77.199100 75.745031 -1.200000 
59.804812 63.893795 68.337907 -1.200000 
59.804812 63.893795 82.596439 -1.200000 
59.804812 78.152327 68.337907 -1.200000 
59.804812 78.152327 82.596439 -1.200000 
74.063344 63.893795 54.079375 -1.200000 
74.063344 63.893795 68.337907 -1.200000 
74.063344 63.893795 82.596439 -1.200000 
74.063344 78.152327 54.079375 -1.200000 
74.063344 78.152327 68.337907 -1.200000 
74.063344 78.152327 82.596439 -1.200000 
88.321876 63.893795 68.337907 -1.200000 
88.321876 78.152327 68.337907 -1.200000 
59.570027 56.656527 75.227237 -1.200000 
59.570027 70.915059 60.968705 -1.200000 
59.570027 70.915059 75.227237 -1.200000 
59.570027 85.173591 75.227237 -1.200000 
73.828559 56.656527 60.968705 -1.200000 
73.828559 56.656527 75.227237 -1.200000 
73.828559 70.915059 60.968705 -1.200000 
73.828559 70.915059 75.227237 -1.200000 
73.828559 85.173591 60.968705 -1.200000 
73.828559 85.173591 75.227237 -1.200000 
88.087091 70.915059 60.968705 -1.200000 
88.087091 70.915059 75.227237 -1.200000 
60.025359 56.057529 68.976027 -1.200000 
60.025359 70.316061 68.976027 -1.200000 
60.025359 70.316061 83.234559 -1.200000 
60.025359 84.574593 68.976027 -1.200000 
74.283891 56.057529 68.976027 -1.200000 
74.283891 56.057529 83.234559 -1.200000 
74.283891 70.316061 54.717495 -1.200000 
74.283891 70.316061 68.976027 -1.200000 
74.283891 84.574593 68.976027 -1.200000 
74.283891 84.574593 83.234559 -1.200000 
88.542423 70.316061 68.976027 -1.200000 
67.164496 63.463006 61.673968 -1.200000 
67.164496 63.463006 75.932500 -1.200000 
67.164496 77.721538 61.673968 -1.200000 
67.164496 77.721538 75.932500 -1.200000 
81.423028 63.463006 61.673968 -1.200000 
81.423028 63.463006 75.932500 -1.200000 
81.423028 77.721538 61.673968 -1.200000 
81.423028 77.721538 75.932500 -1.200000 
52.744338 77.368853 68.877681 -1.200000 
67.002870 63.110321 54.619149 -1.200000 
67.002870 63.110321 68.877681 -1.200000 
67.002870 63.110321 83.136213 -1.200000 
67.002870 77.368853 54.619149 -1.200000 
67.002870 77.368853 68.877681 -1.200000 
67.002870 77.368853 83.136213 -1.200000 
81.261402 63.110321 68.877681 -1.200000 
81.261402 63.110321 83.136213 -1.200000 
81.261402 77.368853 68.877681 -1.200000 
81.261402 77.368853 83.136213 -1.200000 
52.239273 69.806788 75.695411 -1.200000 
66.497805 55.548256 61.436879 -1.200000 
66.497805 55.548256 75.695411 -1.200000 
66.497805 69.806788 61.436879 -1.200000 
66.497805 69.806788 75.695411 -1.200000 
66.497805 69.806788 89.953943 -1.200000 
66.497805 84.065320 61.436879 -1.200000 
66.497805 84.065320 75.695411 -1.200000 
80.756337 55.548256 75.695411 -1.200000 
80.756337 69.806788 61.436879 -1.200000 
80.756337 69.806788 75.695411 -1.200000 
80.756337 84.065320 61.436879 -1.200000 
80.756337 84.065320 75.695411 -1.200000 
52.823999 70.640052 68.796618 -1.200000 
67.082531 56.381520 68.796618 -1.200000 
67.082531 56.381520 83.055150 -1.200000 
67.082531 70.640052 54.538086 -1.200000 
67.082531 70.640052 68.796618 -1.200000 
67.082531 84.898584 68.796618 -1.200000 
67.082531 84.898584 83.055150 -1.200000 
81.341063 56.381520 68.796618 -1.200000 
81.341063 70.640052 54.538086 -1.200000 
81.341063 70.640052 68.796618 -1.200000 
81.341063 70.640052 83.055150 -1.200000 
81.341063 84.898584 68.796618 -1.200000 
59.142934 60.431787 72.273400 -1.200000 
59.142934 74.690319 58.014868 -1.200000 
59.142934 74.690319 72.273400 -1.200000 
59.142934 74.690319 86.531932 -1.200000 
73.401466 60.431787 58.014868 -1.200000 
73.401466 60.431787 72.273400 -1.200000 
73.401466 60.431787 86.531932 -1.200000 
73.401466 74.690319 58.014868 -1.200000 
73.401466 74.690319 72.273400 -1.200000 
73.401466 88.948851 72.273400 -1.200000 
87.659998 60.431787 72.273400 -1.200000 
87.659998 74.690319 72.273400 -1.200000 
59.889858 59.514898 65.331229 -1.200000 
59.889858 59.514898 79.589761 -1.200000 
59.889858 73.773430 65.331229 -1.200000 
59.889858 73.773430 79.589761 -1.200000 
74.148390 59.514898 65.331229 -1.200000 
74.148390 59.514898 79.589761 -1.200000 
74.148390 73.773430 65.331229 -1.200000 
74.148390 73.773430 79.589761 -1.200000 
74.148390 88.031962 65.331229 -1.200000 
74.148390 88.031962 79.589761 -1.200000 
88.406922 73.773430 65.331229 -1.200000 
88.406922 73.773430 79.589761 -1.200000 
60.009987 66.155873 57.720732 -1.200000 
60.009987 66.155873 71.979264 -1.200000 
60.009987 66.155873 86.237796 -1.200000 
60.009987 80.414405 57.720732 -1.200000 
60.009987 80.414405 71.979264 -1.200000 
74.268519 51.897341 71.979264 -1.200000 
74.268519 66.155873 57.720732 -1.200000 
74.268519 66.155873 71.979264 -1.200000 
74.268519 66.155873 86.237796 -1.200000 
74.268519 80.414405 57.720732 -1.200000 
74.268519 80.414405 71.979264 -1.200000 
74.268519 80.414405 86.237796 -1.200000 
88.527051 66.155873 71.979264 -1.200000 
88.527051 80.414405 71.979264 -1.200000 
58.973056 67.035113 64.564578 -1.200000 
58.973056 67.035113 78.823110 -1.200000 
58.973056 81.293645 64.564578 -1.200000 
58.973056 81.293645 78.823110 -1.200000 
73.231588 52.776581 64.564578 -1.200000 
73.231588 67.035113 64.564578 -1.200000 
73.231588 67.035113 78.823110 -1.200000 
73.231588 81.293645 64.564578 -1.200000 
73.231588 81.293645 78.823110 -1.200000 
87.490120 67.035113 64.564578 -1.200000 
87.490120 67.035113 78.823110 -1.200000 
52.672587 73.695116 72.437324 -1.200000 
66.931119 59.436584 58.178792 -1.200000 
66.931119 59.436584 72.437324 -1.200000 
66.931119 59.436584 86.695856 -1.200000 
66.931119 73.695116 58.178792 -1.200000 
66.931119 73.695116 72.437324 -1.200000 
66.931119 73.695116 86.695856 -1.200000 
66.931119 87.953648 72.437324 -1.200000 
81.189651 59.436584 72.437324 -1.200000 
81.189651 73.695116 58.178792 -1.200000 
81.189651 73.695116 72.437324 -1.200000 
81.189651 73.695116 86.695856 -1.200000 
81.189651 87.953648 72.437324 -1.200000 
66.394974 59.645354 64.910505 -1.200000 
66.394974 59.645354 79.169037 -1.200000 
66.394974 73.903886 64.910505 -1.200000 
66.394974 73.903886 79.169037 -1.200000 
66.394974 88.162418 64.910505 -1.200000 
66.394974 88.162418 79.169037 -1.200000 
80.653506 59.645354 64.910505 -1.200000 
80.653506 59.645354 79.169037 -1.200000 
80.653506 73.903886 64.910505 -1.200000 
80.653506 73.903886 79.169037 -1.200000 
52.576371 67.068935 72.309097 -1.200000 
66.834903 52.810403 72.309097 -1.200000 
66.834903 67.068935 58.050565 -1.200000 
66.834903 67.068935 72.309097 -1.200000 
66.834903 67.068935 86.567629 -1.200000 
66.834903 81.327467 58.050565 -1.200000 
66.834903 81.327467 72.309097 -1.200000 
66.834903 81.327467 86.567629 -1.200000 
81.093435 67.068935 58.050565 -1.200000 
81.093435 67.068935 72.309097 -1.200000 
81.093435 67.068935 86.567629 -1.200000 
81.093435 81.327467 58.050565 -1.200000 
81.093435 81.327467 72.309097 -1.200000 
53.037394 66.453248 65.061543 -1.200000 
67.295926 66.453248 65.061543 -1.200000 
67.295926 66.453248 79.320075 -1.200000 
67.295926 80.711780 65.061543 -1.200000 
67.295926 80.711780 79.320075 -1.200000 
81.554458 66.453248 65.061543 -1.200000 
81.554458 66.453248 79.320075 -1.200000 
81.554458 80.711780 65.061543 -1.200000 
81.554458 80.711780 79.320075 -1.200000 
63.108232 60.179935 61.568911 -1.200000 
63.108232 60.179935 75.827443 -1.200000 
63.108232 74.438467 61.568911 -1.200000 
63.108232 74.438467 75.827443 -1.200000 
63.108232 88.696999 75.827443 -1.200000 
77.366764 60.179935 61.568911 -1.200000 
77.366764 60.179935 75.827443 -1.200000 
77.366764 74.438467 61.568911 -1.200000 
77.366764 74.438467 75.827443 -1.200000 
77.366764 74.438467 90.085975 -1.200000 
77.366764 88.696999 75.827443 -1.200000 
63.226617 59.797422 69.104339 -1.200000 
63.226617 59.797422 83.362871 -1.200000 
63.226617 74.055954 54.845807 -1.200000 
63.226617 74.055954 69.104339 -1.200000 
63.226617 74.055954 83.362871 -1.200000 
63.226617 88.314486 69.104339 -1.200000 
77.485149 59.797422 69.104339 -1.200000 
77.485149 59.797422 83.362871 -1.200000 
77.485149 74.055954 54.845807 -1.200000 
77.485149 74.055954 69.104339 -1.200000 
77.485149 74.055954 83.362871 -1.200000 
77.485149 88.314486 69.104339 -1.200000 
62.916108 66.354354 61.743697 -1.200000 
62.916108 66.354354 76.002229 -1.200000 
62.916108 80.612886 61.743697 -1.200000 
62.916108 80.612886 76.002229 -1.200000 
77.174640 66.354354 61.743697 -1.200000 
77.174640 66.354354 76.002229 -1.200000 
77.174640 80.612886 61.743697 -1.200000 
77.174640 80.612886 76.002229 -1.200000 
63.697549 67.022150 53.980230 -1.200000 
63.697549 67.022150 68.238762 -1.200000 
63.697549 67.022150 82.497294 -1.200000 
63.697549 81.280682 68.238762 -1.200000 
63.697549 81.280682 82.497294 -1.200000 
77.956081 52.763618 68.238762 -1.200000 
77.956081 67.022150 53.980230 -1.200000 
77.956081 67.022150 68.238762 -1.200000 
77.956081 67.022150 82.497294 -1.200000 
77.956081 81.280682 68.238762 -1.200000 
77.956081 81.280682 82.497294 -1.200000 
56.112214 73.295976 61.854302 -1.200000 
56.112214 73.295976 76.112834 -1.200000 
70.370746 59.037444 61.854302 -1.200000 
70.370746 59.037444 76.112834 -1.200000 
70.370746 73.295976 61.854302 -1.200000 
70.370746 73.295976 76.112834 -1.200000 
70.370746 73.295976 90.371366 -1.200000 
70.370746 87.554508 61.854302 -1.200000 
70.370746 87.554508 76.112834 -1.200000 
84.629278 59.037444 76.112834 -1.200000 
84.629278 73.295976 61.854302 -1.200000 
84.629278 73.295976 76.112834 -1.200000 
56.256385 60.290558 68.943718 -1.200000 
56.256385 74.549090 68.943718 -1.200000 
56.256385 74.549090 83.202250 -1.200000 
70.514917 60.290558 54.685186 -1.200000 
70.514917 60.290558 68.943718 -1.200000 
70.514917 60.290558 83.202250 -1.200000 
70.514917 74.549090 54.685186 -1.200000 
70.514917 74.549090 68.943718 -1.200000 
70.514917 88.807622 68.943718 -1.200000 
84.773449 60.290558 68.943718 -1.200000 
84.773449 74.549090 68.943718 -1.200000 
84.773449 74.549090 83.202250 -1.200000 
56.584967 66.839512 61.103434 -1.200000 
56.584967 66.839512 75.361966 -1.200000 
56.584967 81.098044 75.361966 -1.200000 
70.843499 52.580980 75.361966 -1.200000 
70.843499 66.839512 61.103434 -1.200000 
70.843499 66.839512 75.361966 -1.200000 
70.843499 66.839512 89.620498 -1.200000 
70.843499 81.098044 61.103434 -1.200000 
70.843499 81.098044 75.361966 -1.200000 
85.102031 66.839512 61.103434 -1.200000 
85.102031 66.839512 75.361966 -1.200000 
85.102031 81.098044 61.103434 -1.200000 
85.102031 81.098044 75.361966 -1.200000 
56.544166 66.330754 69.102292 -1.200000 
56.544166 66.330754 83.360824 -1.200000 
56.544166 80.589286 69.102292 -1.200000 
70.802698 52.072222 69.102292 -1.200000 
70.802698 66.330754 54.843760 -1.200000 
70.802698 66.330754 69.102292 -1.200000 
70.802698 66.330754 83.360824 -1.200000 
70.802698 80.589286 54.843760 -1.200000 
70.802698 80.589286 69.102292 -1.200000 
70.802698 80.589286 83.360824 -1.200000 
85.061230 66.330754 69.102292 -1.200000 
85.061230 66.330754 83.360824 -1.200000 
85.061230 80.589286 69.102292 -1.200000 
63.092463 63.828387 57.841422 -1.200000 
63.092463 63.828387 72.099954 -1.200000 
63.092463 63.828387 86.358486 -1.200000 
63.092463 78.086919 57.841422 -1.200000 
63.092463 78.086919 72.099954 -1.200000 
63.092463 78.086919 86.358486 -1.200000 
77.350995 63.828387 57.841422 -1.200000 
77.350995 63.828387 72.099954 -1.200000 
77.350995 63.828387 86.358486 -1.200000 
77.350995 78.086919 57.841422 -1.200000 
77.350995 78.086919 72.099954 -1.200000 
77.350995 78.086919 86.358486 -1.200000 
63.700692 63.047097 65.163591 -1.200000 
63.700692 63.047097 79.422123 -1.200000 
63.700692 77.305629 65.163591 -1.200000 
63.700692 77.305629 79.422123 -1.200000 
77.959224 63.047097 65.163591 -1.200000 
77.959224 63.047097 79.422123 -1.200000 
77.959224 77.305629 65.163591 -1.200000 
77.959224 77.305629 79.422123 -1.200000 
63.605204 55.828528 72.281719 -1.200000 
63.605204 70.087060 58.023187 -1.200000 
63.605204 70.087060 72.281719 -1.200000 
63.605204 70.087060 86.540251 -1.200000 
63.605204 84.345592 72.281719 -1.200000 
77.863736 55.828528 72.281719 -1.200000 
77.863736 70.087060 58.023187 -1.200000 
77.863736 70.087060 72.281719 -1.200000 
77.863736 70.087060 86.540251 -1.200000 
77.863736 84.345592 58.023187 -1.200000 
77.863736 84.345592 72.281719 -1.200000 
62.615992 56.316738 64.563041 -1.200000 
62.615992 56.316738 78.821573 -1.200000 
62.615992 70.575270 64.563041 -1.200000 
62.615992 70.575270 78.821573 -1.200000 
62.615992 84.833802 64.563041 -1.200000 
62.615992 84.833802 78.821573 -1.200000 
76.874524 56.316738 64.563041 -1.200000 
76.874524 56.316738 78.821573 -1.200000 
76.874524 70.575270 64.563041 -1.200000 
76.874524 70.575270 78.821573 -1.200000 
76.874524 84.833802 64.563041 -1.200000 
76.874524 84.833802 78.821573 -1.200000 
56.723632 62.870306 72.562517 -1.200000 
56.723632 77.128838 72.562517 -1.200000 
70.982164 62.870306 58.303985 -1.200000 
70.982164 62.870306 72.562517 -1.200000 
70.982164 62.870306 86.821049 -1.200000 
70.982164 77.128838 58.303985 -1.200000 
70.982164 77.128838 72.562517 -1.200000 
70.982164 77.128838 86.821049 -1.200000 
85.240696 62.870306 72.562517 -1.200000 
85.240696 77.128838 58.303985 -1.200000 
85.240696 77.128838 72.562517 -1.200000 
55.533027 63.012968 64.596431 -1.200000 
55.533027 63.012968 78.854963 -1.200000 
55.533027 77.271500 64.596431 -1.200000 
55.533027 77.271500 78.854963 -1.200000 
69.791559 63.012968 64.596431 -1.200000 
69.791559 63.012968 78.854963 -1.200000 
69.791559 77.271500 64.596431 -1.200000 
69.791559 77.271500 78.854963 -1.200000 
84.050091 63.012968 64.596431 -1.200000 
84.050091 63.012968 78.854963 -1.200000 
84.050091 77.271500 64.596431 -1.200000 
84.050091 77.271500 78.854963 -1.200000 
56.080262 70.700105 72.182703 -1.200000 
70.338794 56.441573 72.182703 -1.200000 
70.338794 70.700105 57.924171 -1.200000 
70.338794 70.700105 72.182703 -1.200000 
70.338794 84.958637 57.924171 -1.200000 
70.338794 84.958637 72.182703 -1.200000 
84.597326 56.441573 72.182703 -1.200000 
84.597326 70.700105 57.924171 -1.200000 
84.597326 70.700105 72.182703 -1.200000 
84.597326 84.958637 72.182703 -1.200000 
56.685846 70.067835 65.326720 -1.200000 
56.685846 70.067835 79.585252 -1.200000 
70.944378 55.809303 65.326720 -1.200000 
70.944378 55.809303 79.585252 -1.200000 
70.944378 70.067835 65.326720 -1.200000 
70.944378 70.067835 79.585252 -1.200000 
70.944378 84.326367 65.326720 -1.200000 
70.944378 84.326367 79.585252 -1.200000 
85.202910 70.067835 65.326720 -1.200000 
85.202910 70.067835 79.585252 -1.200000 
85.202910 84.326367 65.326720 -1.200000 
57.239935 71.195847 71.138800 2.400000 
57.239935 71.195847 85.397332 2.400000 
57.239935 85.454379 71.138800 2.400000 
71.498467 56.937315 71.138800 2.400000 
71.498467 71.195847 56.880268 2.400000 
71.498467 71.195847 71.138800 2.400000 
71.498467 85.454379 71.138800 2.400000 
71.498467 85.454379 85.397332 2.400000 
85.756999 71.195847 71.138800 2.400000 
56.834774 71.260199 64.299331 2.400000 
56.834774 71.260199 78.557863 2.400000 
71.093306 57.001667 64.299331 2.400000 
71.093306 57.001667 78.557863 2.400000 
71.093306 71.260199 64.299331 2.400000 
71.093306 71.260199 78.557863 2.400000 
71.093306 85.518731 64.299331 2.400000 
71.093306 85.518731 78.557863 2.400000 
85.351838 71.260199 64.299331 2.400000 
85.351838 71.260199 78.557863 2.400000 
56.869728 64.080800 71.461288 2.400000 
56.869728 78.339332 71.461288 2.400000 
71.128260 64.080800 57.202756 2.400000 
71.128260 64.080800 71.461288 2.400000 
71.128260 64.080800 85.719820 2.400000 
71.128260 78.339332 57.202756 2.400000 
71.128260 78.339332 71.461288 2.400000 
71.128260 78.339332 85.719820 2.400000 
85.386792 64.080800 71.461288 2.400000 
85.386792 78.339332 71.461288 2.400000 
56.730372 63.830849 63.855716 2.400000 
56.730372 63.830849 78.114248 2.400000 
56.730372 78.089381 63.855716 2.400000 
56.730372 78.089381 78.114248 2.400000 
70.988904 63.830849 63.855716 2.400000 
70.988904 63.830849 78.114248 2.400000 
70.988904 78.089381 63.855716 2.400000 
70.988904 78.089381 78.114248 2.400000 
85.247436 63.830849 63.855716 2.400000 
85.247436 63.830849 78.114248 2.400000 
85.247436 78.089381 63.855716 2.400000 
85.247436 78.089381 78.114248 2.400000 
63.929742 57.110450 71.377041 2.400000 
63.929742 71.368982 57.118509 2.400000 
63.929742 71.368982 71.377041 2.400000 
63.929742 71.368982 85.635573 2.400000 
63.929742 85.627514 71.377041 2.400000 
78.188274 57.110450 71.377041 2.400000 
78.188274 71.368982 57.118509 2.400000 
78.188274 71.368982 71.377041 2.400000 
78.188274 71.368982 85.635573 2.400000 
78.188274 85.627514 71.377041 2.400000 
64.124765 56.830920 64.035207 2.400000 
64.124765 56.830920 78.293739 2.400000 
64.124765 71.089452 64.035207 2.400000 
64.124765 71.089452 78.293739 2.400000 
64.124765 85.347984 64.035207 2.400000 
64.124765 85.347984 78.293739 2.400000 
78.383297 56.830920 64.035207 2.400000 
78.383297 56.830920 78.293739 2.400000 
78.383297 71.089452 64.035207 2.400000 
78.383297 71.089452 78.293739 2.400000 
78.383297 85.347984 64.035207 2.400000 
78.383297 85.347984 78.293739 2.400000 
64.261465 64.136249 56.808320 2.400000 
64.261465 64.136249 71.066852 2.400000 
64.261465 64.136249 85.325384 2.400000 
64.261465 78.394781 56.808320 2.400000 
64.261465 78.394781 71.066852 2.400000 
64.261465 78.394781 85.325384 2.400000 
78.519997 64.136249 56.808320 2.400000 
78.519997 64.136249 71.066852 2.400000 
78.519997 64.136249 85.325384 2.400000 
78.519997 78.394781 56.808320 2.400000 
78.519997 78.394781 71.066852 2.400000 
78.519997 78.394781 85.325384 2.400000 
63.991229 64.399823 64.358795 2.400000 
63.991229 64.399823 78.617327 2.400000 
63.991229 78.658355 64.358795 2.400000 
63.991229 78.658355 78.617327 2.400000 
78.249761 64.399823 64.358795 2.400000 
78.249761 64.399823 78.617327 2.400000 
78.249761 78.658355 64.358795 2.400000 
78.249761 78.658355 78.617327 2.400000 
57.212477 60.048740 75.435630 2.400000 
57.212477 74.307272 61.177098 2.400000 
57.212477 74.307272 75.435630 2.400000 
71.471009 60.048740 61.177098 2.400000 
71.471009 60.048740 75.435630 2.400000 
71.471009 74.307272 61.177098 2.400000 
71.471009 74.307272 75.435630 2.400000 
71.471009 74.307272 89.694162 2.400000 
71.471009 88.565804 75.435630 2.400000 
85.729541 60.048740 75.435630 2.400000 
85.729541 74.307272 61.177098 2.400000 
85.729541 74.307272 75.435630 2.400000 
57.034171 61.067130 67.764295 2.400000 
57.034171 75.325662 67.764295 2.400000 
57.034171 75.325662 82.022827 2.400000 
71.292703 61.067130 67.764295 2.400000 
71.292703 61.067130 82.022827 2.400000 
71.292703 75.325662 53.505763 2.400000 
71.292703 75.325662 67.764295 2.400000 
71.292703 75.325662 82.022827 2.400000 
71.292703 89.584194 67.764295 2.400000 
85.551235 61.067130 67.764295 2.400000 
85.551235 75.325662 67.764295 2.400000 
85.551235 75.325662 82.022827 2.400000 
57.019427 68.014036 60.141780 2.400000 
57.019427 68.014036 74.400312 2.400000 
57.019427 82.272568 74.400312 2.400000 
71.277959 53.755504 74.400312 2.400000 
71.277959 68.014036 60.141780 2.400000 
71.277959 68.014036 74.400312 2.400000 
71.277959 82.272568 60.141780 2.400000 
71.277959 82.272568 74.400312 2.400000 
85.536491 68.014036 60.141780 2.400000 
85.536491 68.014036 74.400312 2.400000 
85.536491 82.272568 74.400312 2.400000 
57.363733 67.380612 68.135825 2.400000 
57.363733 67.380612 82.394357 2.400000 
57.363733 81.639144 68.135825 2.400000 
71.622265 53.122080 68.135825 2.400000 
71.622265 67.380612 53.877293 2.400000 
71.622265 67.380612 68.135825 2.400000 
71.622265 67.380612 82.394357 2.400000 
71.622265 81.639144 68.135825 2.400000 
71.622265 81.639144 82.394357 2.400000 
85.880797 67.380612 68.135825 2.400000 
85.880797 67.380612 82.394357 2.400000 
85.880797 81.639144 68.135825 2.400000 
64.132035 61.103532 60.743881 2.400000 
64.132035 61.103532 75.002413 2.400000 
64.132035 75.362064 60.743881 2.400000 
64.132035 75.362064 75.002413 2.400000 
64.132035 75.362064 89.260945 2.400000 
78.390567 61.103532 60.743881 2.400000 
78.390567 61.103532 75.002413 2.400000 
78.390567 75.362064 60.743881 2.400000 
78.390567 75.362064 75.002413 2.400000 
78.390567 75.362064 89.260945 2.400000 
64.346194 60.497442 68.133617 2.400000 
64.346194 60.497442 82.392149 2.400000 
64.346194 74.755974 53.875085 2.400000 
64.346194 74.755974 68.133617 2.400000 
64.346194 74.755974 82.392149 2.400000 
64.346194 89.014506 68.133617 2.400000 
78.604726 60.497442 68.133617 2.400000 
78.604726 60.497442 82.392149 2.400000 
78.604726 74.755974 53.875085 2.400000 
78.604726 74.755974 68.133617 2.400000 
78.604726 74.755974 82.392149 2.400000 
78.604726 89.014506 68.133617 2.400000 
64.056396 67.191205 60.960998 2.400000 
64.056396 67.191205 75.219530 2.400000 
64.056396 67.191205 89.478062 2.400000 
64.056396 81.449737 60.960998 2.400000 
64.056396 81.449737 75.219530 2.400000 
78.314928 67.191205 60.960998 2.400000 
78.314928 67.191205 75.219530 2.400000 
78.314928 67.191205 89.478062 2.400000 
78.314928 81.449737 60.960998 2.400000 
78.314928 81.449737 75.219530 2.400000 
64.173700 54.018740 67.331224 2.400000 
64.173700 68.277272 53.072692 2.400000 
64.173700 68.277272 67.331224 2.400000 
64.173700 68.277272 81.589756 2.400000 
64.173700 82.535804 67.331224 2.400000 
64.173700 82.535804 81.589756 2.400000 
78.432232 54.018740 67.331224 2.400000 
78.432232 68.277272 53.072692 2.400000 
78.432232 68.277272 67.331224 2.400000 
78.432232 68.277272 81.589756 2.400000 
78.432232 82.535804 67.331224 2.400000 
78.432232 82.535804 81.589756 2.400000 
60.462480 61.206007 71.582319 2.400000 
60.462480 75.464539 57.323787 2.400000 
60.462480 75.464539 71.582319 2.400000 
60.462480 75.464539 85.840851 2.400000 
74.721012 61.206007 57.323787 2.400000 
74.721012 61.206007 71.582319 2.400000 
74.721012 61.206007 85.840851 2.400000 
74.721012 75.464539 57.323787 2.400000 
74.721012 75.464539 71.582319 2.400000 
74.721012 75.464539 85.840851 2.400000 
74.721012 89.723071 71.582319 2.400000 
88.979544 75.464539 71.582319 2.400000 
61.041172 60.201617 64.454059 2.400000 
61.041172 60.201617 78.712591 2.400000 
61.041172 74.460149 64.454059 2.400000 
61.041172 74.460149 78.712591 2.400000 
75.299704 60.201617 64.454059 2.400000 
75.299704 60.201617 78.712591 2.400000 
75.299704 74.460149 64.454059 2.400000 
75.299704 74.460149 78.712591 2.400000 
75.299704 88.718681 64.454059 2.400000 
75.299704 88.718681 78.712591 2.400000 
89.558236 74.460149 64.454059 2.400000 
89.558236 74.460149 78.712591 2.400000 
61.052040 67.140084 57.012338 2.400000 
61.052040 67.140084 71.270870 2.400000 
61.052040 67.140084 85.529402 2.400000 
61.052040 81.398616 71.270870 2.400000 
75.310572 52.881552 71.270870 2.400000 
75.310572 67.140084 57.012338 2.400000 
75.310572 67.140084 71.270870 2.400000 
75.310572 67.140084 85.529402 2.400000 
75.310572 81.398616 57.012338 2.400000 
75.310572 81.398616 71.270870 2.400000 
75.310572 81.398616 85.529402 2.400000 
89.569104 67.140084 71.270870 2.400000 
60.070773 68.206437 64.103728 2.400000 
60.070773 68.206437 78.362260 2.400000 
60.070773 82.464969 64.103728 2.400000 
60.070773 82.464969 78.362260 2.400000 
74.329305 53.947905 64.103728 2.400000 
74.329305 53.947905 78.362260 2.400000 
74.329305 68.206437 64.103728 2.400000 
74.329305 68.206437 78.362260 2.400000 
74.329305 82.464969 64.103728 2.400000 
74.329305 82.464969 78.362260 2.400000 
88.587837 68.206437 64.103728 2.400000 
88.587837 68.206437 78.362260 2.400000 
53.883624 74.517276 71.791340 2.400000 
68.142156 60.258744 57.532808 2.400000 
68.142156 60.258744 71.791340 2.400000 
68.142156 60.258744 86.049872 2.400000 
68.142156 74.517276 57.532808 2.400000 
68.142156 74.517276 71.791340 2.400000 
68.142156 88.775808 71.791340 2.400000 
82.400688 60.258744 71.791340 2.400000 
82.400688 74.517276 57.532808 2.400000 
82.400688 74.517276 71.791340 2.400000 
82.400688 74.517276 86.049872 2.400000 
53.247238 74.852984 64.204065 2.400000 
53.247238 74.852984 78.462597 2.400000 
67.505770 60.594452 64.204065 2.400000 
67.505770 60.594452 78.462597 2.400000 
67.505770 74.852984 64.204065 2.400000 
67.505770 74.852984 78.462597 2.400000 
67.505770 89.111516 64.204065 2.400000 
67.505770 89.111516 78.462597 2.400000 
81.764302 60.594452 64.204065 2.400000 
81.764302 60.594452 78.462597 2.400000 
81.764302 74.852984 64.204065 2.400000 
81.764302 74.852984 78.462597 2.400000 
53.211122 67.767793 70.954802 2.400000 
67.469654 53.509261 70.954802 2.400000 
67.469654 67.767793 56.696270 2.400000 
67.469654 67.767793 70.954802 2.400000 
67.469654 67.767793 85.213334 2.400000 
67.469654 82.026325 56.696270 2.400000 
67.469654 82.026325 70.954802 2.400000 
67.469654 82.026325 85.213334 2.400000 
81.728186 67.767793 56.696270 2.400000 
81.728186 67.767793 70.954802 2.400000 
81.728186 67.767793 85.213334 2.400000 
81.728186 82.026325 70.954802 2.400000 
54.012787 67.452548 64.295617 2.400000 
54.012787 67.452548 78.554149 2.400000 
68.271319 53.194016 64.295617 2.400000 
68.271319 53.194016 78.554149 2.400000 
68.271319 67.452548 64.295617 2.400000 
68.271319 67.452548 78.554149 2.400000 
68.271319 81.711080 64.295617 2.400000 
68.271319 81.711080 78.554149 2.400000 
82.529851 67.452548 64.295617 2.400000 
82.529851 67.452548 78.554149 2.400000 
82.529851 81.711080 64.295617 2.400000 
82.529851 81.711080 78.554149 2.400000 
60.914476 57.134276 74.367391 2.400000 
60.914476 71.392808 60.108859 2.400000 
60.914476 71.392808 74.367391 2.400000 
60.914476 85.651340 74.367391 2.400000 
75.173008 57.134276 60.108859 2.400000 
75.173008 57.134276 74.367391 2.400000 
75.173008 71.392808 60.108859 2.400000 
75.173008 71.392808 74.367391 2.400000 
75.173008 85.651340 60.108859 2.400000 
75.173008 85.651340 74.367391 2.400000 
89.431540 71.392808 74.367391 2.400000 
60.378058 57.246839 67.938815 2.400000 
60.378058 71.505371 67.938815 2.400000 
60.378058 71.505371 82.197347 2.400000 
60.378058 85.763903 67.938815 2.400000 
74.636590 57.246839 67.938815 2.400000 
74.636590 57.246839 82.197347 2.400000 
74.636590 71.505371 53.680283 2.400000 
74.636590 71.505371 67.938815 2.400000 
74.636590 85.763903 67.938815 2.400000 
74.636590 85.763903 82.197347 2.400000 
88.895122 71.505371 67.938815 2.400000 
60.171396 64.294838 60.977387 2.400000 
60.171396 64.294838 75.235919 2.400000 
60.171396 78.553370 60.977387 2.400000 
60.171396 78.553370 75.235919 2.400000 
74.429928 64.294838 60.977387 2.400000 
74.429928 64.294838 75.235919 2.400000 
74.429928 64.294838 89.494451 2.400000 
74.429928 78.553370 60.977387 2.400000 
74.429928 78.553370 75.235919 2.400000 
74.429928 78.553370 89.494451 2.400000 
88.688460 64.294838 75.235919 2.400000 
88.688460 78.553370 75.235919 2.400000 
60.727504 64.286737 67.043170 2.400000 
60.727504 64.286737 81.301702 2.400000 
60.727504 78.545269 67.043170 2.400000 
60.727504 78.545269 81.301702 2.400000 
74.986036 64.286737 67.043170 2.400000 
74.986036 64.286737 81.301702 2.400000 
74.986036 78.545269 67.043170 2.400000 
74.986036 78.545269 81.301702 2.400000 
89.244568 64.286737 67.043170 2.400000 
89.244568 78.545269 67.043170 2.400000 
52.981720 70.911338 74.787398 2.400000 
67.240252 56.652806 60.528866 2.400000 
67.240252 56.652806 74.787398 2.400000 
67.240252 70.911338 60.528866 2.400000 
67.240252 70.911338 74.787398 2.400000 
67.240252 70.911338 89.045930 2.400000 
67.240252 85.169870 60.528866 2.400000 
67.240252 85.169870 74.787398 2.400000 
81.498784 56.652806 74.787398 2.400000 
81.498784 70.911338 60.528866 2.400000 
81.498784 70.911338 74.787398 2.400000 
81.498784 85.169870 74.787398 2.400000 
53.716209 71.481016 67.719851 2.400000 
67.974741 57.222484 67.719851 2.400000 
67.974741 57.222484 81.978383 2.400000 
67.974741 71.481016 53.461319 2.400000 
67.974741 71.481016 67.719851 2.400000 
67.974741 85.739548 67.719851 2.400000 
67.974741 85.739548 81.978383 2.400000 
82.233273 57.222484 67.719851 2.400000 
82.233273 71.481016 67.719851 2.400000 
82.233273 71.481016 81.978383 2.400000 
82.233273 85.739548 67.719851 2.400000 
53.660462 64.271706 74.691902 2.400000 
53.660462 78.530238 74.691902 2.400000 
67.918994 64.271706 60.433370 2.400000 
67.918994 64.271706 74.691902 2.400000 
67.918994 64.271706 88.950434 2.400000 
67.918994 78.530238 60.433370 2.400000 
67.918994 78.530238 74.691902 2.400000 
67.918994 78.530238 88.950434 2.400000 
82.177526 64.271706 60.433370 2.400000 
82.177526 64.271706 74.691902 2.400000 
82.177526 78.530238 60.433370 2.400000 
82.177526 78.530238 74.691902 2.400000 
53.273671 64.136193 67.703654 2.400000 
53.273671 78.394725 67.703654 2.400000 
67.532203 64.136193 53.445122 2.400000 
67.532203 64.136193 67.703654 2.400000 
67.532203 64.136193 81.962186 2.400000 
67.532203 78.394725 53.445122 2.400000 
67.532203 78.394725 67.703654 2.400000 
67.532203 78.394725 81.962186 2.400000 
81.790735 64.136193 67.703654 2.400000 
81.790735 64.136193 81.962186 2.400000 
81.790735 78.394725 67.703654 2.400000 
81.790735 78.394725 81.962186 2.400000 
58.885206 58.939220 72.951731 2.400000 
58.885206 73.197752 58.693199 2.400000 
58.885206 73.197752 72.951731 2.400000 
73.143738 58.939220 58.693199 2.400000 
73.143738 58.939220 72.951731 2.400000 
73.143738 73.197752 58.693199 2.400000 
73.143738 73.197752 72.951731 2.400000 
73.143738 87.456284 72.951731 2.400000 
87.402270 73.197752 72.951731 2.400000 
58.615022 58.841351 66.036757 2.400000 
58.615022 58.841351 80.295289 2.400000 
58.615022 73.099883 66.036757 2.400000 
58.615022 73.099883 80.295289 2.400000 
72.873554 58.841351 66.036757 2.400000 
72.873554 58.841351 80.295289 2.400000 
72.873554 73.099883 51.778225 2.400000 
72.873554 73.099883 66.036757 2.400000 
72.873554 73.099883 80.295289 2.400000 
72.873554 87.358415 66.036757 2.400000 
72.873554 87.358415 80.295289 2.400000 
87.132086 73.099883 66.036757 2.400000 
87.132086 73.099883 80.295289 2.400000 
58.773513 65.973660 58.733230 2.400000 
58.773513 65.973660 72.991762 2.400000 
58.773513 80.232192 58.733230 2.400000 
58.773513 80.232192 72.991762 2.400000 
73.032045 51.715128 72.991762 2.400000 
73.032045 65.973660 58.733230 2.400000 
73.032045 65.973660 72.991762 2.400000 
73.032045 65.973660 87.250294 2.400000 
73.032045 80.232192 58.733230 2.400000 
73.032045 80.232192 72.991762 2.400000 
73.032045 80.232192 87.250294 2.400000 
87.290577 65.973660 72.991762 2.400000 
87.290577 80.232192 72.991762 2.400000 
58.437837 65.868690 65.543277 2.400000 
58.437837 65.868690 79.801809 2.400000 
58.437837 80.127222 65.543277 2.400000 
58.437837 80.127222 79.801809 2.400000 
72.696369 65.868690 65.543277 2.400000 
72.696369 65.868690 79.801809 2.400000 
72.696369 80.127222 65.543277 2.400000 
72.696369 80.127222 79.801809 2.400000 
86.954901 65.868690 65.543277 2.400000 
86.954901 65.868690 79.801809 2.400000 
86.954901 80.127222 65.543277 2.400000 
86.954901 80.127222 79.801809 2.400000 
65.599314 58.884670 58.928469 2.400000 
65.599314 58.884670 73.187001 2.400000 
65.599314 73.143202 58.928469 2.400000 
65.599314 73.143202 73.187001 2.400000 
65.599314 73.143202 87.445533 2.400000 
65.599314 87.401734 73.187001 2.400000 
79.857846 58.884670 58.928469 2.400000 
79.857846 58.884670 73.187001 2.400000 
79.857846 73.143202 58.928469 2.400000 
79.857846 73.143202 73.187001 2.400000 
79.857846 73.143202 87.445533 2.400000 
79.857846 87.401734 73.187001 2.400000 
65.751607 58.600627 65.941884 2.400000 
65.751607 58.600627 80.200416 2.400000 
65.751607 72.859159 65.941884 2.400000 
65.751607 72.859159 80.200416 2.400000 
65.751607 87.117691 65.941884 2.400000 
65.751607 87.117691 80.200416 2.400000 
80.010139 58.600627 65.941884 2.400000 
80.010139 58.600627 80.200416 2.400000 
80.010139 72.859159 65.941884 2.400000 
80.010139 72.859159 80.200416 2.400000 
80.010139 87.117691 65.941884 2.400000 
65.928544 65.921673 58.705761 2.400000 
65.928544 65.921673 72.964293 2.400000 
65.928544 65.921673 87.222825 2.400000 
65.928544 80.180205 58.705761 2.400000 
65.928544 80.180205 72.964293 2.400000 
65.928544 80.180205 87.222825 2.400000 
80.187076 65.921673 58.705761 2.400000 
80.187076 65.921673 72.964293 2.400000 
80.187076 65.921673 87.222825 2.400000 
80.187076 80.180205 58.705761 2.400000 
80.187076 80.180205 72.964293 2.400000 
65.995305 66.204409 66.007323 2.400000 
65.995305 66.204409 80.265855 2.400000 
65.995305 80.462941 66.007323 2.400000 
65.995305 80.462941 80.265855 2.400000 
80.253837 66.204409 66.007323 2.400000 
80.253837 66.204409 80.265855 2.400000 
80.253837 80.462941 66.007323 2.400000 
80.253837 80.462941 80.265855 2.400000 
59.042519 61.992865 62.711360 2.400000 
59.042519 61.992865 76.969892 2.400000 
59.042519 76.251397 62.711360 2.400000 
59.042519 76.251397 76.969892 2.400000 
73.301051 61.992865 62.711360 2.400000 
73.301051 61.992865 76.969892 2.400000 
73.301051 76.251397 62.711360 2.400000 
73.301051 76.251397 76.969892 2.400000 
87.559583 61.992865 76.969892 2.400000 
87.559583 76.251397 62.711360 2.400000 
87.559583 76.251397 76.969892 2.400000 
59.021394 62.999071 69.380479 2.400000 
59.021394 62.999071 83.639011 2.400000 
59.021394 77.257603 69.380479 2.400000 
59.021394 77.257603 83.639011 2.400000 
73.279926 62.999071 55.121947 2.400000 
73.279926 62.999071 69.380479 2.400000 
73.279926 62.999071 83.639011 2.400000 
73.279926 77.257603 55.121947 2.400000 
73.279926 77.257603 69.380479 2.400000 
73.279926 77.257603 83.639011 2.400000 
87.538458 62.999071 69.380479 2.400000 
87.538458 77.257603 69.380479 2.400000 
58.608635 70.053913 61.912935 2.400000 
58.608635 70.053913 76.171467 2.400000 
58.608635 84.312445 76.171467 2.400000 
72.867167 55.795381 61.912935 2.400000 
72.867167 55.795381 76.171467 2.400000 
72.867167 70.053913 61.912935 2.400000 
72.867167 70.053913 76.171467 2.400000 
72.867167 70.053913 90.429999 2.400000 
72.867167 84.312445 61.912935 2.400000 
72.867167 84.312445 76.171467 2.400000 
87.125699 70.053913 61.912935 2.400000 
87.125699 70.053913 76.171467 2.400000 
59.204637 69.190045 55.602598 2.400000 
59.204637 69.190045 69.861130 2.400000 
59.204637 69.190045 84.119662 2.400000 
59.204637 83.448577 69.861130 2.400000 
73.463169 54.931513 69.861130 2.400000 
73.463169 69.190045 55.602598 2.400000 
73.463169 69.190045 69.861130 2.400000 
73.463169 83.448577 55.602598 2.400000 
73.463169 83.448577 69.861130 2.400000 
73.463169 83.448577 84.119662 2.400000 
87.721701 69.190045 69.861130 2.400000 
65.992246 62.861225 62.622050 2.400000 
65.992246 62.861225 76.880582 2.400000 
65.992246 77.119757 62.622050 2.400000 
65.992246 77.119757 76.880582 2.400000 
80.250778 62.861225 62.622050 2.400000 
80.250778 62.861225 76.880582 2.400000 
80.250778 77.119757 62.622050 2.400000 
80.250778 77.119757 76.880582 2.400000 
52.111226 76.310428 69.940231 2.400000 
66.369758 62.051896 55.681699 2.400000 
66.369758 62.051896 69.940231 2.400000 
66.369758 62.051896 84.198763 2.400000 
66.369758 76.310428 55.681699 2.400000 
66.369758 76.310428 69.940231 2.400000 
66.369758 76.310428 84.198763 2.400000 
66.369758 90.568960 69.940231 2.400000 
80.628290 62.051896 69.940231 2.400000 
80.628290 62.051896 84.198763 2.400000 
80.628290 76.310428 55.681699 2.400000 
80.628290 76.310428 69.940231 2.400000 
80.628290 76.310428 84.198763 2.400000 
65.958162 54.665667 62.662921 2.400000 
65.958162 54.665667 76.921453 2.400000 
65.958162 68.924199 62.662921 2.400000 
65.958162 68.924199 76.921453 2.400000 
65.958162 83.182731 62.662921 2.400000 
65.958162 83.182731 76.921453 2.400000 
80.216694 54.665667 76.921453 2.400000 
80.216694 68.924199 62.662921 2.400000 
80.216694 68.924199 76.921453 2.400000 
80.216694 83.182731 62.662921 2.400000 
80.216694 83.182731 76.921453 2.400000 
51.534918 69.885722 69.384014 2.400000 
65.793450 55.627190 69.384014 2.400000 
65.793450 69.885722 55.125482 2.400000 
65.793450 69.885722 69.384014 2.400000 
65.793450 69.885722 83.642546 2.400000 
65.793450 84.144254 69.384014 2.400000 
65.793450 84.144254 83.642546 2.400000 
80.051982 55.627190 69.384014 2.400000 
80.051982 69.885722 55.125482 2.400000 
80.051982 69.885722 69.384014 2.400000 
80.051982 69.885722 83.642546 2.400000 
80.051982 84.144254 69.384014 2.400000 
80.051982 84.144254 83.642546 2.400000 
62.332116 63.128369 59.041793 2.400000 
62.332116 63.128369 73.300325 2.400000 
62.332116 77.386901 59.041793 2.400000 
62.332116 77.386901 73.300325 2.400000 
62.332116 77.386901 87.558857 2.400000 
76.590648 63.128369 59.041793 2.400000 
76.590648 63.128369 73.300325 2.400000 
76.590648 63.128369 87.558857 2.400000 
76.590648 77.386901 59.041793 2.400000 
76.590648 77.386901 73.300325 2.400000 
76.590648 77.386901 87.558857 2.400000 
62.758692 62.143846 66.126787 2.400000 
62.758692 62.143846 80.385319 2.400000 
62.758692 76.402378 66.126787 2.400000 
62.758692 76.402378 80.385319 2.400000 
77.017224 62.143846 66.126787 2.400000 
77.017224 62.143846 80.385319 2.400000 
77.017224 76.402378 66.126787 2.400000 
77.017224 76.402378 80.385319 2.400000 
62.679327 54.831118 73.189144 2.400000 
62.679327 69.089650 58.930612 2.400000 
62.679327 69.089650 73.189144 2.400000 
62.679327 69.089650 87.447676 2.400000 
62.679327 83.348182 58.930612 2.400000 
62.679327 83.348182 73.189144 2.400000 
76.937859 54.831118 73.189144 2.400000 
76.937859 69.089650 58.930612 2.400000 
76.937859 69.089650 73.189144 2.400000 
76.937859 69.089650 87.447676 2.400000 
76.937859 83.348182 58.930612 2.400000 
76.937859 83.348182 73.189144 2.400000 
61.934322 55.603348 65.791860 2.400000 
61.934322 69.861880 65.791860 2.400000 
61.934322 69.861880 80.050392 2.400000 
61.934322 84.120412 65.791860 2.400000 
61.934322 84.120412 80.050392 2.400000 
76.192854 55.603348 65.791860 2.400000 
76.192854 55.603348 80.050392 2.400000 
76.192854 69.861880 65.791860 2.400000 
76.192854 69.861880 80.050392 2.400000 
76.192854 84.120412 65.791860 2.400000 
76.192854 84.120412 80.050392 2.400000 
90.451386 69.861880 65.791860 2.400000 
55.773300 62.077058 73.583699 2.400000 
55.773300 76.335590 73.583699 2.400000 
70.031832 62.077058 59.325167 2.400000 
70.031832 62.077058 73.583699 2.400000 
70.031832 62.077058 87.842231 2.400000 
70.031832 76.335590 59.325167 2.400000 
70.031832 76.335590 73.583699 2.400000 
70.031832 76.335590 87.842231 2.400000 
70.031832 90.594122 73.583699 2.400000 
84.290364 62.077058 59.325167 2.400000 
84.290364 62.077058 73.583699 2.400000 
84.290364 76.335590 59.325167 2.400000 
84.290364 76.335590 73.583699 2.400000 
54.959485 62.286431 65.868237 2.400000 
54.959485 76.544963 65.868237 2.400000 
54.959485 76.544963 80.126769 2.400000 
69.218017 62.286431 65.868237 2.400000 
69.218017 62.286431 80.126769 2.400000 
69.218017 76.544963 65.868237 2.400000 
69.218017 76.544963 80.126769 2.400000 
83.476549 62.286431 65.868237 2.400000 
83.476549 62.286431 80.126769 2.400000 
83.476549 76.544963 65.868237 2.400000 
83.476549 76.544963 80.126769 2.400000 
55.003365 69.621676 72.667439 2.400000 
69.261897 55.363144 72.667439 2.400000 
69.261897 69.621676 58.408907 2.400000 
69.261897 69.621676 72.667439 2.400000 
69.261897 83.880208 58.408907 2.400000 
69.261897 83.880208 72.667439 2.400000 
83.520429 69.621676 58.408907 2.400000 
83.520429 69.621676 72.667439 2.400000 
83.520429 69.621676 86.925971 2.400000 
83.520429 83.880208 72.667439 2.400000 
55.658550 69.369676 66.360313 2.400000 
55.658550 69.369676 80.618845 2.400000 
69.917082 55.111144 66.360313 2.400000 
69.917082 55.111144 80.618845 2.400000 
69.917082 69.369676 52.101781 2.400000 
69.917082 69.369676 66.360313 2.400000 
69.917082 69.369676 80.618845 2.400000 
69.917082 83.628208 66.360313 2.400000 
69.917082 83.628208 80.618845 2.400000 
84.175614 69.369676 66.360313 2.400000 
84.175614 69.369676 80.618845 2.400000 
84.175614 83.628208 66.360313 2.400000 
62.655053 58.759779 62.202700 2.400000 
62.655053 58.759779 76.461232 2.400000 
62.655053 73.018311 62.202700 2.400000 
62.655053 73.018311 76.461232 2.400000 
62.655053 87.276843 76.461232 2.400000 
76.913585 58.759779 62.202700 2.400000 
76.913585 58.759779 76.461232 2.400000 
76.913585 73.018311 62.202700 2.400000 
76.913585 73.018311 76.461232 2.400000 
76.913585 87.276843 62.202700 2.400000 
76.913585 87.276843 76.461232 2.400000 
62.014559 58.976830 69.896211 2.400000 
62.014559 73.235362 55.637679 2.400000 
62.014559 73.235362 69.896211 2.400000 
62.014559 73.235362 84.154743 2.400000 
62.014559 87.493894 69.896211 2.400000 
76.273091 58.976830 69.896211 2.400000 
76.273091 58.976830 84.154743 2.400000 
76.273091 73.235362 55.637679 2.400000 
76.273091 73.235362 69.896211 2.400000 
76.273091 73.235362 84.154743 2.400000 
76.273091 87.493894 69.896211 2.400000 
90.531623 73.235362 69.896211 2.400000 
61.798775 65.974781 62.873470 2.400000 
61.798775 65.974781 77.132002 2.400000 
61.798775 80.233313 62.873470 2.400000 
61.798775 80.233313 77.132002 2.400000 
76.057307 65.974781 62.873470 2.400000 
76.057307 65.974781 77.132002 2.400000 
76.057307 80.233313 62.873470 2.400000 
76.057307 80.233313 77.132002 2.400000 
62.801926 65.829921 54.579570 2.400000 
62.801926 65.829921 68.838102 2.400000 
62.801926 65.829921 83.096634 2.400000 
62.801926 80.088453 68.838102 2.400000 
62.801926 80.088453 83.096634 2.400000 
77.060458 65.829921 54.579570 2.400000 
77.060458 65.829921 68.838102 2.400000 
77.060458 65.829921 83.096634 2.400000 
77.060458 80.088453 54.579570 2.400000 
77.060458 80.088453 68.838102 2.400000 
77.060458 80.088453 83.096634 2.400000 
54.826379 72.692787 62.551526 2.400000 
54.826379 72.692787 76.810058 2.400000 
69.084911 58.434255 62.551526 2.400000 
69.084911 58.434255 76.810058 2.400000 
69.084911 72.692787 62.551526 2.400000 
69.084911 72.692787 76.810058 2.400000 
69.084911 72.692787 91.068590 2.400000 
69.084911 86.951319 62.551526 2.400000 
69.084911 86.951319 76.810058 2.400000 
83.343443 58.434255 62.551526 2.400000 
83.343443 58.434255 76.810058 2.400000 
83.343443 72.692787 62.551526 2.400000 
83.343443 72.692787 76.810058 2.400000 
55.552692 73.197652 69.533556 2.400000 
69.811224 58.939120 69.533556 2.400000 
69.811224 58.939120 83.792088 2.400000 
69.811224 73.197652 55.275024 2.400000 
69.811224 73.197652 69.533556 2.400000 
69.811224 87.456184 69.533556 2.400000 
84.069756 58.939120 69.533556 2.400000 
84.069756 73.197652 69.533556 2.400000 
84.069756 73.197652 83.792088 2.400000 
55.638817 65.919887 61.991033 2.400000 
55.638817 65.919887 76.249565 2.400000 
55.638817 80.178419 76.249565 2.400000 
69.897349 65.919887 61.991033 2.400000 
69.897349 65.919887 76.249565 2.400000 
69.897349 80.178419 61.991033 2.400000 
69.897349 80.178419 76.249565 2.400000 
84.155881 65.919887 61.991033 2.400000 
84.155881 65.919887 76.249565 2.400000 
84.155881 80.178419 61.991033 2.400000 
84.155881 80.178419 76.249565 2.400000 
55.181397 65.614131 69.563963 2.400000 
55.181397 79.872663 69.563963 2.400000 
69.439929 65.614131 55.305431 2.400000 
69.439929 65.614131 69.563963 2.400000 
69.439929 65.614131 83.822495 2.400000 
69.439929 79.872663 55.305431 2.400000 
69.439929 79.872663 69.563963 2.400000 
69.439929 79.872663 83.822495 2.400000 
83.698461 65.614131 69.563963 2.400000 
83.698461 65.614131 83.822495 2.400000 
83.698461 79.872663 69.563963 2.400000 
83.698461 79.872663 83.822495 2.400000 
