1.108627 0.964021 0.625909 -1.200000 
0.659421 1.110284 7.908373 -1.200000 
0.470496 8.248278 1.034937 -1.200000 
0.269766 7.936748 7.873143 -1.200000 
7.442624 1.295602 0.987322 -1.200000 
7.803391 0.410947 8.328236 -1.200000 
8.096895 8.259027 0.389256 -1.200000 
7.695938 8.559101 8.144131 -1.200000 
1.232407 3.708265 5.146853 -1.200000 
1.228421 4.871224 11.447407 -1.200000 
0.595764 12.134454 3.960905 -1.200000 
1.499501 11.114423 11.811576 -1.200000 
7.986273 4.854258 4.757935 -1.200000 
8.537784 3.909770 12.036488 -1.200000 
8.054181 10.653620 5.040913 -1.200000 
7.676273 12.433991 11.206113 -1.200000 
4.231781 5.131612 1.304208 -1.200000 
5.197548 3.784064 8.302240 -1.200000 
5.139508 10.734595 1.103482 -1.200000 
3.512227 12.088952 8.249264 -1.200000 
12.052506 3.950462 1.574646 -1.200000 
11.523218 3.921848 8.376764 -1.200000 
11.524962 11.895569 0.115523 -1.200000 
12.022719 11.346602 8.357906 -1.200000 
5.005451 0.725585 4.038352 -1.200000 
3.845640 1.427194 11.817224 -1.200000 
3.506764 8.251512 5.131720 -1.200000 
4.912138 8.166212 10.608255 -1.200000 
11.135895 0.503785 4.558273 -1.200000 
11.661968 1.446851 11.382578 -1.200000 
11.588470 8.551345 4.027404 -1.200000 
11.762204 7.929939 11.186241 -1.200000 
0.924419 2.172761 2.955800 -1.200000 
0.647290 2.844336 9.819647 -1.200000 
1.271105 10.439220 2.209024 -1.200000 
0.871810 9.473631 9.861861 -1.200000 
8.020584 3.081196 2.811939 -1.200000 
7.857203 2.530350 9.958916 -1.200000 
7.813624 9.349496 2.815415 -1.200000 
8.496450 10.677069 9.466845 -1.200000 
0.947149 5.745436 6.603391 -1.200000 
0.820799 6.687538 13.223108 -1.200000 
0.564555 13.824172 5.874048 -1.200000 
1.035004 12.843797 13.680950 -1.200000 
7.994076 6.967364 6.155963 -1.200000 
8.216280 5.804492 13.840002 -1.200000 
7.991914 12.839867 6.439461 -1.200000 
8.065816 13.897217 13.340098 -1.200000 
4.465788 6.954531 3.098915 -1.200000 
4.362952 5.900462 9.544625 -1.200000 
4.428262 13.042944 2.334488 -1.200000 
4.461638 13.890296 9.885549 -1.200000 
12.036292 6.237188 2.843242 -1.200000 
11.049969 6.252914 9.465993 -1.200000 
11.098165 13.128795 2.355738 -1.200000 
12.017877 13.521955 9.937086 -1.200000 
4.605215 2.172446 6.331852 -1.200000 
4.308702 2.988036 13.936166 -1.200000 
4.312545 10.303095 6.542767 -1.200000 
4.781864 9.436335 12.964975 -1.200000 
11.198369 2.727602 6.026891 -1.200000 
12.023691 2.216452 13.894295 -1.200000 
12.236146 9.617687 6.285850 -1.200000 
11.279913 9.594012 13.065651 -1.200000 
3.264814 1.206475 2.055815 -1.200000 
2.118595 0.694281 10.021417 -1.200000 
2.183594 8.108106 2.970607 -1.200000 
2.742007 7.943000 8.931365 -1.200000 
9.132433 0.557221 2.761847 -1.200000 
9.877309 0.800054 9.631384 -1.200000 
9.736935 7.672623 2.361517 -1.200000 
9.314005 8.115689 10.179324 -1.200000 
3.220615 4.384319 6.600220 -1.200000 
2.908533 5.215202 13.412059 -1.200000 
2.348573 11.965599 5.851673 -1.200000 
3.208918 11.324460 13.685698 -1.200000 
9.729481 4.918246 6.669130 -1.200000 
10.438037 4.309221 13.817241 -1.200000 
10.252829 11.372871 6.411557 -1.200000 
9.177118 11.500239 13.094537 -1.200000 
6.323000 5.089732 2.736042 -1.200000 
6.621691 4.755185 10.385522 -1.200000 
6.416144 11.499016 3.224004 -1.200000 
5.967354 11.792002 9.344944 -1.200000 
13.771620 4.286816 3.462444 -1.200000 
13.309275 5.035449 9.944296 -1.200000 
13.054686 11.441157 2.157454 -1.200000 
13.533584 11.432650 10.485084 -1.200000 
6.846532 1.007587 5.969038 -1.200000 
5.538596 0.611567 13.623198 -1.200000 
5.499796 7.879337 6.781104 -1.200000 
6.664674 7.664641 12.607491 -1.200000 
12.618637 0.525358 6.774322 -1.200000 
13.777563 0.656720 12.813996 -1.200000 
13.562813 7.571283 5.474454 -1.200000 
12.749602 7.497361 13.667603 -1.200000 
2.507599 5.906440 4.452371 -1.200000 
2.770684 6.859667 11.303779 -1.200000 
2.535899 13.880931 3.934577 -1.200000 
2.991231 13.281933 11.941899 -1.200000 
10.130368 6.428878 4.639840 -1.200000 
9.968742 6.076193 11.843553 -1.200000 
9.463677 12.772660 4.402751 -1.200000 
10.048403 13.605924 11.762490 -1.200000 
2.108806 3.397659 0.980740 -1.200000 
2.855730 2.480770 8.297101 -1.200000 
2.975859 9.121745 0.686604 -1.200000 
1.938928 10.000985 7.530450 -1.200000 
9.896991 2.402456 1.144664 -1.200000 
9.360846 2.611226 7.876377 -1.200000 
9.800775 10.034807 1.016437 -1.200000 
10.261798 9.419120 8.027415 -1.200000 
6.074104 3.145807 4.534783 -1.200000 
6.192489 2.763294 12.070211 -1.200000 
5.881980 9.320226 4.709569 -1.200000 
6.663421 9.988022 11.204634 -1.200000 
13.336618 2.003316 4.820174 -1.200000 
13.480789 3.256430 11.909590 -1.200000 
13.809371 9.805384 4.069306 -1.200000 
13.768570 9.296626 12.068164 -1.200000 
6.058335 6.794259 0.807294 -1.200000 
6.666564 6.012969 8.129463 -1.200000 
6.571076 13.052932 0.989059 -1.200000 
5.581864 13.541142 7.528913 -1.200000 
13.948036 5.836178 1.269857 -1.200000 
12.757431 5.978840 7.562303 -1.200000 
13.304666 13.665977 0.890043 -1.200000 
13.910250 13.033707 8.292592 -1.200000 
0.205807 14.161719 14.104672 2.400000 
14.059178 14.226071 7.265203 2.400000 
14.094132 7.046672 0.168628 2.400000 
13.954776 6.796721 6.821588 2.400000 
6.895614 0.076322 0.084381 2.400000 
7.090637 14.055324 7.001079 2.400000 
7.227337 7.102121 14.032724 2.400000 
6.957101 7.365695 7.324667 2.400000 
0.178349 3.014612 4.142970 2.400000 
0.000043 4.033002 10.730167 2.400000 
14.243831 10.979908 3.107652 2.400000 
0.329605 10.346484 11.101697 2.400000 
7.097907 4.069404 3.709753 2.400000 
7.312066 3.463314 11.099489 2.400000 
7.022268 10.157077 3.926870 2.400000 
7.139572 11.243144 10.297096 2.400000 
3.428352 4.171879 0.289659 2.400000 
4.007044 3.167489 7.419931 2.400000 
4.017912 10.105956 14.236742 2.400000 
3.036645 11.172309 7.069600 2.400000 
11.108028 3.224616 0.498680 2.400000 
10.471642 3.560324 7.169937 2.400000 
10.435526 10.733665 13.920674 2.400000 
11.237191 10.418420 7.261489 2.400000 
3.880348 0.100148 3.074731 2.400000 
3.343930 0.212711 10.904687 2.400000 
3.137268 7.260710 3.943259 2.400000 
3.693376 7.252609 10.009042 2.400000 
10.206124 13.877210 3.494738 2.400000 
10.940613 0.188356 10.685723 2.400000 
10.884866 7.237578 3.399242 2.400000 
10.498075 7.102065 10.669526 2.400000 
1.851078 1.905092 1.659071 2.400000 
1.580894 1.807223 9.002629 2.400000 
1.739385 8.939532 1.699102 2.400000 
1.403709 8.834562 8.509149 2.400000 
8.565186 1.850542 1.894341 2.400000 
8.717479 1.566499 8.907756 2.400000 
8.894416 8.887545 1.671633 2.400000 
8.961177 9.170281 8.973195 2.400000 
2.008391 4.958737 5.677232 2.400000 
1.987266 5.964943 12.346351 2.400000 
1.574507 13.019785 4.878807 2.400000 
2.170509 12.155917 12.827002 2.400000 
8.958118 5.827097 5.587922 2.400000 
9.335630 5.017768 12.906103 2.400000 
8.924034 11.890071 5.628793 2.400000 
8.759322 12.851594 12.349886 2.400000 
5.297988 6.094241 2.007665 2.400000 
5.724564 5.109718 9.092659 2.400000 
5.645199 12.055522 1.896484 2.400000 
4.900194 12.827752 8.757732 2.400000 
12.997704 5.042930 2.291039 2.400000 
12.183889 5.252303 8.834109 2.400000 
12.227769 12.587548 1.374779 2.400000 
12.882954 12.335548 9.326185 2.400000 
5.620925 1.725651 5.168572 2.400000 
4.980431 1.942702 12.862083 2.400000 
4.764647 8.940653 5.839342 2.400000 
5.767798 8.795793 11.803974 2.400000 
12.050783 1.400127 5.517398 2.400000 
12.777096 1.904992 12.499428 2.400000 
12.863221 8.885759 4.956905 2.400000 
12.405801 8.580003 12.529835 2.400000 
